-17.8058 -17.5108 -6.2278 -4.0998 -1.3148 -1.3118 -1.2778 -1.2738
-17.8048 -17.5088 -6.2258 -4.0978 -1.3208 -1.3148 -1.2838 -1.2768
-17.7998 -17.5048 -6.2198 -4.0928 -1.3408 -1.3238 -1.3038 -1.2868
-17.7918 -17.4968 -6.2088 -4.0828 -1.3728 -1.3388 -1.3368 -1.3018
-17.7818 -17.4868 -6.1948 -4.0698 -1.4178 -1.3598 -1.3818 -1.3218
-17.7678 -17.4738 -6.1758 -4.0528 -1.4748 -1.3868 -1.4398 -1.3488
-17.7518 -17.4578 -6.1528 -4.0328 -1.5438 -1.4198 -1.5088 -1.3808
-17.7318 -17.4388 -6.1258 -4.0078 -1.6238 -1.4578 -1.5908 -1.4188
-17.7088 -17.4168 -6.0948 -3.9798 -1.7158 -1.5008 -1.6828 -1.4608
-17.6838 -17.3918 -6.0588 -3.9488 -1.8178 -1.5488 -1.7848 -1.5078
-17.6548 -17.3648 -6.0198 -3.9128 -1.9298 -1.6008 -1.8978 -1.5588
-17.6228 -17.3338 -5.9758 -3.8738 -2.0518 -1.6568 -2.0188 -1.6148
-17.5888 -17.3008 -5.9288 -3.8318 -2.1818 -1.7168 -2.1498 -1.6738
-17.5508 -17.2648 -5.8768 -3.7858 -2.3208 -1.7808 -2.2878 -1.7368
-17.5108 -17.2258 -5.8218 -3.7358 -2.4668 -1.8468 -2.4328 -1.8018
-17.4678 -17.1838 -5.7618 -3.6828 -2.6198 -1.9168 -2.5858 -1.8708
-17.4218 -17.1398 -5.6978 -3.6258 -2.7788 -1.9878 -2.7438 -1.9408
-17.3728 -17.0928 -5.6308 -3.5658 -2.9448 -2.0618 -2.9078 -2.0138
-17.3218 -17.0428 -5.5588 -3.5028 -3.1148 -2.1368 -3.0768 -2.0878
-17.2668 -16.9898 -5.4838 -3.4358 -3.2898 -2.2128 -3.2508 -2.1638
-17.2098 -16.9358 -5.4048 -3.3658 -3.4698 -2.2908 -3.4278 -2.2398
-17.1508 -16.8778 -5.3218 -3.2928 -3.6528 -2.3688 -3.6088 -2.3178
-17.0888 -16.8178 -5.2348 -3.2168 -3.8388 -2.4468 -3.7928 -2.3958
-17.0238 -16.7558 -5.1438 -3.1368 -4.0278 -2.5258 -3.9798 -2.4738
-16.9568 -16.6908 -5.0498 -3.0548 -4.2188 -2.6048 -4.1688 -2.5518
-16.8868 -16.6238 -4.9528 -2.9698 -4.4108 -2.6828 -4.3588 -2.6288
-16.8148 -16.5548 -4.8518 -2.8818 -4.6048 -2.7608 -4.5508 -2.7058
-16.7408 -16.4838 -4.7468 -2.7918 -4.7998 -2.8378 -4.7428 -2.7828
-16.6648 -16.4108 -4.6388 -2.6988 -4.9958 -2.9138 -4.9358 -2.8578
-16.5858 -16.3358 -4.5278 -2.6038 -5.1908 -2.9888 -5.1288 -2.9318
-16.5058 -16.2588 -4.4138 -2.5058 -5.3858 -3.0618 -5.3218 -3.0048
-16.4238 -16.1798 -4.2968 -2.4068 -5.5808 -3.1348 -5.5138 -3.0768
-16.3398 -16.0998 -4.1758 -2.3058 -5.7738 -3.2048 -5.7048 -3.1468
-16.2538 -16.0188 -4.0538 -2.2028 -5.9658 -3.2738 -5.8948 -3.2148
-16.1678 -15.9358 -3.9278 -2.0988 -6.1558 -3.3398 -6.0828 -3.2808
-16.0798 -15.8528 -3.8008 -1.9928 -6.3438 -3.4048 -6.2688 -3.3448
-15.9908 -15.7688 -3.6708 -1.8878 -6.5298 -3.4668 -6.4518 -3.4068
-15.9008 -15.6838 -3.5388 -1.7808 -6.7118 -3.5268 -6.6328 -3.4668
-15.8108 -15.5988 -3.4048 -1.6748 -6.8908 -3.5848 -6.8098 -3.5238
-15.7198 -15.5138 -3.2698 -1.5688 -7.0658 -3.6398 -6.9828 -3.5788
-15.6298 -15.4288 -3.1348 -1.4638 -7.2358 -3.6928 -7.1528 -3.6308
-15.5398 -15.3458 -2.9978 -1.3598 -7.4018 -3.7428 -7.3178 -3.6808
-15.4508 -15.2628 -2.8608 -1.2578 -7.5628 -3.7908 -7.4778 -3.7278
-15.3628 -15.1818 -2.7248 -1.1588 -7.7168 -3.8348 -7.6318 -3.7718
-15.2758 -15.1028 -2.5898 -1.0628 -7.8648 -3.8768 -7.7798 -3.8138
-15.1918 -15.0258 -2.4558 -0.9718 -8.0058 -3.9158 -7.9218 -3.8528
-15.1098 -14.9528 -2.3248 -0.8848 -8.1398 -3.9518 -8.0558 -3.8878
-15.0318 -14.8828 -2.1968 -0.8028 -8.2648 -3.9848 -8.1818 -3.9208
-14.9578 -14.8178 -2.0738 -0.7278 -8.3798 -4.0148 -8.2998 -3.9508
-14.8878 -14.7578 -1.9568 -0.6608 -8.4868 -4.0418 -8.4078 -3.9778
-14.8238 -14.7028 -1.8458 -0.6008 -8.5818 -4.0658 -8.5058 -4.0008
-14.7658 -14.6548 -1.7448 -0.5488 -8.6668 -4.0858 -8.5928 -4.0218
-14.7138 -14.6128 -1.6538 -0.5058 -8.7388 -4.1038 -8.6678 -4.0388
-14.6708 -14.5788 -1.5748 -0.4718 -8.7998 -4.1178 -8.7308 -4.0538
-14.6348 -14.5518 -1.5118 -0.4458 -8.8468 -4.1288 -8.7798 -4.0648
-14.6098 -14.5328 -1.4638 -0.4278 -8.8808 -4.1368 -8.8158 -4.0728
-14.5938 -14.5208 -1.4348 -0.4178 -8.9018 -4.1418 -8.8378 -4.0778
-14.5878 -14.5168 -1.4248 -0.4138 -8.9088 -4.1438 -8.8448 -4.0788
-14.5868 -14.5158 -1.4228 -0.4128 -8.9068 -4.1498 -8.8438 -4.0858
-14.5838 -14.5128 -1.4178 -0.4088 -8.9038 -4.1698 -8.8398 -4.1048
-14.5788 -14.5078 -1.4088 -0.4028 -8.8978 -4.2018 -8.8338 -4.1368
-14.5708 -14.5008 -1.3968 -0.3948 -8.8888 -4.2458 -8.8248 -4.1808
-14.5618 -14.4908 -1.3798 -0.3838 -8.8778 -4.3028 -8.8128 -4.2358
-14.5498 -14.4798 -1.3608 -0.3718 -8.8648 -4.3708 -8.7988 -4.3028
-14.5358 -14.4668 -1.3378 -0.3568 -8.8488 -4.4488 -8.7828 -4.3808
-14.5208 -14.4518 -1.3108 -0.3388 -8.8298 -4.5368 -8.7638 -4.4678
-14.5028 -14.4348 -1.2818 -0.3208 -8.8098 -4.6348 -8.7418 -4.5648
-14.4838 -14.4158 -1.2488 -0.2998 -8.7868 -4.7398 -8.7178 -4.6688
-14.4628 -14.3958 -1.2118 -0.2768 -8.7608 -4.8528 -8.6918 -4.7808
-14.4408 -14.3748 -1.1728 -0.2538 -8.7338 -4.9728 -8.6628 -4.8998
-14.4168 -14.3518 -1.1298 -0.2278 -8.7038 -5.0978 -8.6308 -5.0238
-14.3908 -14.3268 -1.0848 -0.2018 -8.6708 -5.2268 -8.5978 -5.1528
-14.3648 -14.3018 -1.0368 -0.1758 -8.6368 -5.3598 -8.5608 -5.2848
-14.3368 -14.2758 -0.9858 -0.1488 -8.6008 -5.4958 -8.5228 -5.4208
-14.3088 -14.2488 -0.9328 -0.1208 -8.5618 -5.6338 -8.4818 -5.5578
-14.2788 -14.2218 -0.8778 -0.0938 -8.5218 -5.7718 -8.4398 -5.6968
-14.2498 -14.1938 -0.8208 -0.0678 -8.4788 -5.9108 -8.3948 -5.8358
-14.2198 -14.1658 -0.7608 -0.0428 -8.4358 -6.0478 -8.3478 -5.9748
-14.1898 -14.1388 -0.7008 -0.0198 -8.3898 -6.1838 -8.2988 -6.1118
-14.1608 -14.1118 -0.6388 0.0012 -8.3438 -6.3158 -8.2488 -6.2468
-14.1318 -14.0868 -0.5758 0.0192 -8.2968 -6.4438 -8.1978 -6.3778
-14.1038 -14.0618 -0.5128 0.0332 -8.2498 -6.5668 -8.1448 -6.5048
-14.0778 -14.0398 -0.4498 0.0432 -8.2028 -6.6818 -8.0918 -6.6258
-14.0528 -14.0188 -0.3878 0.0492 -8.1568 -6.7898 -8.0398 -6.7388
-14.0298 -14.0008 -0.3268 0.0492 -8.1138 -6.8858 -7.9898 -6.8438
-14.0098 -13.9858 -0.2668 0.0422 -8.0758 -6.9698 -7.9418 -6.9368
-13.9928 -13.9738 -0.2098 0.0282 -8.0428 -7.0388 -7.8998 -7.0158
-13.9788 -13.9658 -0.1558 0.0072 -8.0188 -7.0898 -7.8668 -7.0768
-13.9688 -13.9618 -0.1058 -0.0228 -8.0038 -7.1198 -7.8458 -7.1148
-13.9628 -13.9628 -0.0598 -0.0608 -7.9988 -7.1288 -7.8388 -7.1288
-13.9628 -13.9628 -0.0608 -0.0598 -7.9988 -7.8388 -7.1288 -7.1288
-13.9688 -13.9618 -0.1068 -0.0218 -8.0028 -7.8448 -7.1188 -7.1188
-13.9798 -13.9658 -0.1608 0.0112 -8.0118 -7.8598 -7.0888 -7.0908
-13.9968 -13.9738 -0.2238 0.0362 -8.0238 -7.8798 -7.0428 -7.0488
-14.0188 -13.9878 -0.2958 0.0542 -8.0348 -7.8998 -6.9838 -6.9958
-14.0458 -14.0068 -0.3768 0.0642 -8.0428 -7.9178 -6.9168 -6.9328
-14.0798 -14.0308 -0.4648 0.0662 -8.0458 -7.9308 -6.8418 -6.8628
-14.1188 -14.0618 -0.5618 0.0582 -8.0428 -7.9368 -6.7608 -6.7868
-14.1638 -14.0968 -0.6648 0.0402 -8.0318 -7.9348 -6.6758 -6.7058
-14.2148 -14.1388 -0.7758 0.0132 -8.0138 -7.9248 -6.5868 -6.6198
-14.2708 -14.1858 -0.8918 -0.0228 -7.9858 -7.9058 -6.4938 -6.5298
-14.3318 -14.2378 -1.0138 -0.0678 -7.9508 -7.8788 -6.3978 -6.4368
-14.3988 -14.2948 -1.1408 -0.1218 -7.9068 -7.8418 -6.2998 -6.3408
-14.4688 -14.3558 -1.2718 -0.1838 -7.8538 -7.7958 -6.1988 -6.2428
-14.5438 -14.4218 -1.4068 -0.2538 -7.7928 -7.7418 -6.0958 -6.1408
-14.6218 -14.4918 -1.5448 -0.3298 -7.7238 -7.6798 -5.9898 -6.0378
-14.7038 -14.5658 -1.6848 -0.4128 -7.6468 -7.6088 -5.8828 -5.9318
-14.7878 -14.6418 -1.8278 -0.5008 -7.5628 -7.5298 -5.7738 -5.8238
-14.8748 -14.7208 -1.9718 -0.5938 -7.4718 -7.4438 -5.6628 -5.7138
-14.9638 -14.8028 -2.1158 -0.6918 -7.3738 -7.3508 -5.5498 -5.6018
-15.0548 -14.8868 -2.2618 -0.7928 -7.2688 -7.2508 -5.4358 -5.4888
-15.1468 -14.9728 -2.4068 -0.8958 -7.1588 -7.1448 -5.3198 -5.3738
-15.2408 -15.0588 -2.5528 -1.0028 -7.0428 -7.0318 -5.2028 -5.2578
-15.3348 -15.1468 -2.6968 -1.1108 -6.9208 -6.9138 -5.0848 -5.1398
-15.4288 -15.2348 -2.8408 -1.2198 -6.7948 -6.7908 -4.9658 -5.0208
-15.5238 -15.3238 -2.9838 -1.3298 -6.6638 -6.6628 -4.8458 -4.9008
-15.6178 -15.4128 -3.1258 -1.4408 -6.5278 -6.5288 -4.7248 -4.7798
-15.7118 -15.5018 -3.2658 -1.5518 -6.3878 -6.3918 -4.6028 -4.6588
-15.8048 -15.5898 -3.4038 -1.6628 -6.2438 -6.2498 -4.4808 -4.5368
-15.8978 -15.6778 -3.5398 -1.7728 -6.0968 -6.1048 -4.3588 -4.4138
-15.9898 -15.7648 -3.6728 -1.8828 -5.9468 -5.9558 -4.2358 -4.2908
-16.0798 -15.8508 -3.8048 -1.9908 -5.7928 -5.8038 -4.1128 -4.1678
-16.1688 -15.9358 -3.9338 -2.0978 -5.6368 -5.6488 -3.9898 -4.0438
-16.2568 -16.0198 -4.0598 -2.2038 -5.4778 -5.4908 -3.8678 -3.9208
-16.3428 -16.1018 -4.1828 -2.3078 -5.3168 -5.3308 -3.7448 -3.7988
-16.4268 -16.1828 -4.3028 -2.4098 -5.1538 -5.1688 -3.6238 -3.6758
-16.5098 -16.2618 -4.4208 -2.5098 -4.9888 -5.0048 -3.5028 -3.5548
-16.5898 -16.3388 -4.5348 -2.6078 -4.8228 -4.8388 -3.3828 -3.4338
-16.6688 -16.4138 -4.6458 -2.7038 -4.6558 -4.6728 -3.2638 -3.3148
-16.7448 -16.4878 -4.7538 -2.7968 -4.4878 -4.5048 -3.1468 -3.1968
-16.8188 -16.5588 -4.8578 -2.8868 -4.3188 -4.3368 -3.0308 -3.0798
-16.8908 -16.6278 -4.9588 -2.9748 -4.1508 -4.1688 -2.9168 -2.9648
-16.9598 -16.6948 -5.0558 -3.0598 -3.9818 -3.9998 -2.8048 -2.8518
-17.0268 -16.7588 -5.1498 -3.1418 -3.8138 -3.8328 -2.6948 -2.7418
-17.0918 -16.8208 -5.2398 -3.2208 -3.6468 -3.6658 -2.5878 -2.6338
-17.1538 -16.8808 -5.3258 -3.2968 -3.4808 -3.4998 -2.4828 -2.5278
-17.2128 -16.9378 -5.4088 -3.3698 -3.3168 -3.3368 -2.3808 -2.4258
-17.2698 -16.9928 -5.4878 -3.4388 -3.1548 -3.1748 -2.2828 -2.3258
-17.3238 -17.0448 -5.5628 -3.5058 -2.9948 -3.0158 -2.1878 -2.2298
-17.3748 -17.0948 -5.6338 -3.5688 -2.8388 -2.8598 -2.0958 -2.1378
-17.4238 -17.1418 -5.7008 -3.6288 -2.6868 -2.7088 -2.0078 -2.0498
-17.4698 -17.1858 -5.7638 -3.6848 -2.5388 -2.5608 -1.9238 -1.9648
-17.5128 -17.2268 -5.8238 -3.7378 -2.3948 -2.4188 -1.8448 -1.8848
-17.5528 -17.2658 -5.8788 -3.7878 -2.2568 -2.2818 -1.7698 -1.8098
-17.5898 -17.3018 -5.9308 -3.8328 -2.1258 -2.1508 -1.6998 -1.7388
-17.6238 -17.3348 -5.9778 -3.8758 -2.0008 -2.0268 -1.6338 -1.6728
-17.6558 -17.3648 -6.0208 -3.9138 -1.8838 -1.9108 -1.5738 -1.6118
-17.6838 -17.3928 -6.0598 -3.9498 -1.7748 -1.8028 -1.5188 -1.5568
-17.7098 -17.4178 -6.0948 -3.9808 -1.6748 -1.7048 -1.4688 -1.5068
-17.7318 -17.4388 -6.1258 -4.0088 -1.5838 -1.6158 -1.4248 -1.4618
-17.7518 -17.4578 -6.1528 -4.0328 -1.5038 -1.5368 -1.3858 -1.4228
-17.7678 -17.4738 -6.1758 -4.0538 -1.4358 -1.4698 -1.3528 -1.3898
-17.7818 -17.4868 -6.1948 -4.0698 -1.3788 -1.4128 -1.3258 -1.3628
-17.7928 -17.4978 -6.2088 -4.0828 -1.3428 -1.3688 -1.3048 -1.3318
-17.7998 -17.5048 -6.2198 -4.0928 -1.3268 -1.3368 -1.2898 -1.2998
-17.8048 -17.5088 -6.2258 -4.0978 -1.3178 -1.3178 -1.2808 -1.2808
-17.8058 -17.5108 -6.2278 -4.0998 -1.3148 -1.3118 -1.2778 -1.2738
-17.8058 -17.5108 -6.2238 -4.1058 -1.3148 -1.3108 -1.2778 -1.2738
-17.8038 -17.5128 -6.2128 -4.1238 -1.3148 -1.3108 -1.2778 -1.2748
-17.8008 -17.5168 -6.1948 -4.1528 -1.3138 -1.3108 -1.2778 -1.2748
-17.7968 -17.5208 -6.1688 -4.1928 -1.3138 -1.3098 -1.2788 -1.2758
-17.7918 -17.5268 -6.1358 -4.2428 -1.3128 -1.3098 -1.2798 -1.2758
-17.7848 -17.5338 -6.0968 -4.3018 -1.3118 -1.3088 -1.2808 -1.2768
-17.7778 -17.5418 -6.0498 -4.3698 -1.3108 -1.3078 -1.2818 -1.2778
-17.7698 -17.5518 -5.9968 -4.4448 -1.3098 -1.3068 -1.2828 -1.2788
-17.7598 -17.5618 -5.9378 -4.5268 -1.3088 -1.3058 -1.2838 -1.2808
-17.7498 -17.5718 -5.8728 -4.6128 -1.3078 -1.3038 -1.2848 -1.2818
-17.7398 -17.5838 -5.8018 -4.7048 -1.3058 -1.3028 -1.2868 -1.2828
-17.7278 -17.5958 -5.7258 -4.7988 -1.3048 -1.3008 -1.2878 -1.2848
-17.7158 -17.6088 -5.6458 -4.8948 -1.3028 -1.2998 -1.2898 -1.2858
-17.7028 -17.6218 -5.5608 -4.9928 -1.3018 -1.2978 -1.2908 -1.2878
-17.6898 -17.6358 -5.4718 -5.0908 -1.2998 -1.2968 -1.2928 -1.2898
-17.6768 -17.6498 -5.3798 -5.1888 -1.2978 -1.2948 -1.2948 -1.2908
-17.6628 -17.6628 -5.2848 -5.2848 -1.2968 -1.2928 -1.2968 -1.2928
-17.6618 -17.6618 -5.2838 -5.2838 -1.2998 -1.2998 -1.2988 -1.2988
-17.6568 -17.6568 -5.2778 -5.2778 -1.3188 -1.3188 -1.3088 -1.3088
-17.6498 -17.6498 -5.2678 -5.2678 -1.3508 -1.3508 -1.3238 -1.3238
-17.6388 -17.6388 -5.2538 -5.2538 -1.3948 -1.3948 -1.3448 -1.3448
-17.6258 -17.6258 -5.2358 -5.2358 -1.4508 -1.4508 -1.3718 -1.3718
-17.6098 -17.6098 -5.2138 -5.2138 -1.5188 -1.5188 -1.4048 -1.4048
-17.5898 -17.5898 -5.1888 -5.1888 -1.5978 -1.5978 -1.4438 -1.4438
-17.5678 -17.5678 -5.1588 -5.1588 -1.6868 -1.6868 -1.4878 -1.4878
-17.5428 -17.5428 -5.1258 -5.1258 -1.7848 -1.7848 -1.5378 -1.5378
-17.5148 -17.5148 -5.0878 -5.0878 -1.8928 -1.8928 -1.5928 -1.5928
-17.4838 -17.4838 -5.0468 -5.0468 -2.0088 -2.0088 -1.6538 -1.6538
-17.4498 -17.4498 -5.0018 -5.0018 -2.1318 -2.1318 -1.7198 -1.7198
-17.4138 -17.4138 -4.9538 -4.9538 -2.2618 -2.2618 -1.7898 -1.7898
-17.3738 -17.3738 -4.9018 -4.9018 -2.3988 -2.3988 -1.8648 -1.8648
-17.3318 -17.3318 -4.8458 -4.8458 -2.5398 -2.5398 -1.9448 -1.9448
-17.2868 -17.2868 -4.7858 -4.7858 -2.6868 -2.6868 -2.0288 -2.0288
-17.2388 -17.2388 -4.7228 -4.7228 -2.8378 -2.8378 -2.1168 -2.1168
-17.1888 -17.1888 -4.6568 -4.6568 -2.9908 -2.9908 -2.2088 -2.2088
-17.1358 -17.1358 -4.5878 -4.5878 -3.1478 -3.1478 -2.3038 -2.3038
-17.0798 -17.0798 -4.5158 -4.5158 -3.3058 -3.3058 -2.4028 -2.4028
-17.0218 -17.0218 -4.4418 -4.4418 -3.4648 -3.4648 -2.5048 -2.5048
-16.9608 -16.9608 -4.3688 -4.3688 -3.6218 -3.6218 -2.6098 -2.6098
-16.8968 -16.8968 -4.2998 -4.2998 -3.7718 -3.7718 -2.7168 -2.7168
-16.8308 -16.8308 -4.2528 -4.2528 -3.8978 -3.8978 -2.8268 -2.8268
-16.7628 -16.7628 -4.2758 -4.2758 -3.9508 -3.9508 -2.9388 -2.9388
-16.6928 -16.6928 -4.3858 -4.3858 -3.9148 -3.9148 -3.0518 -3.0518
-16.6198 -16.6198 -4.5328 -4.5328 -3.8388 -3.8388 -3.1668 -3.1668
-16.5448 -16.5448 -4.6898 -4.6898 -3.7508 -3.7508 -3.2808 -3.2808
-16.4678 -16.4678 -4.8508 -4.8508 -3.6598 -3.6598 -3.3918 -3.3918
-16.3888 -16.3888 -5.0128 -5.0128 -3.6018 -3.6018 -3.4658 -3.4658
-16.3078 -16.3078 -5.1748 -5.1748 -3.6708 -3.6708 -3.4098 -3.4098
-16.2258 -16.2258 -5.3348 -5.3348 -3.7838 -3.7838 -3.3078 -3.3078
-16.1408 -16.1408 -5.4938 -5.4938 -3.9028 -3.9028 -3.1958 -3.1958
-16.0558 -16.0558 -5.6508 -5.6508 -4.0248 -4.0248 -3.0808 -3.0808
-15.9678 -15.9678 -5.8058 -5.8058 -4.1468 -4.1468 -2.9618 -2.9618
-15.8798 -15.8798 -5.9578 -5.9578 -4.2688 -4.2688 -2.8408 -2.8408
-15.7908 -15.7908 -6.1068 -6.1068 -4.3918 -4.3918 -2.7178 -2.7178
-15.6998 -15.6998 -6.2528 -6.2528 -4.5138 -4.5138 -2.5918 -2.5918
-15.6088 -15.6088 -6.3948 -6.3948 -4.6358 -4.6358 -2.4648 -2.4648
-15.5178 -15.5178 -6.5338 -6.5338 -4.7578 -4.7578 -2.3368 -2.3368
-15.4258 -15.4258 -6.6678 -6.6678 -4.8778 -4.8778 -2.2078 -2.2078
-15.3338 -15.3338 -6.7968 -6.7968 -4.9978 -4.9978 -2.0778 -2.0778
-15.2428 -15.2428 -6.9218 -6.9218 -5.1168 -5.1168 -1.9468 -1.9468
-15.1518 -15.1518 -7.0418 -7.0418 -5.2348 -5.2348 -1.8168 -1.8168
-15.0608 -15.0608 -7.1558 -7.1558 -5.3518 -5.3518 -1.6858 -1.6858
-14.9718 -14.9718 -7.2638 -7.2638 -5.4668 -5.4668 -1.5568 -1.5568
-14.8848 -14.8848 -7.3658 -7.3658 -5.5808 -5.5808 -1.4288 -1.4288
-14.7988 -14.7988 -7.4608 -7.4608 -5.6928 -5.6928 -1.3018 -1.3018
-14.7158 -14.7158 -7.5498 -7.5498 -5.8038 -5.8038 -1.1778 -1.1778
-14.6348 -14.6348 -7.6308 -7.6308 -5.9118 -5.9118 -1.0568 -1.0568
-14.5578 -14.5578 -7.7038 -7.7038 -6.0188 -6.0188 -0.9378 -0.9378
-14.4828 -14.4828 -7.7698 -7.7698 -6.1238 -6.1238 -0.8238 -0.8238
-14.4128 -14.4128 -7.8278 -7.8278 -6.2258 -6.2258 -0.7148 -0.7148
-14.3468 -14.3468 -7.8768 -7.8768 -6.3258 -6.3258 -0.6108 -0.6108
-14.2848 -14.2848 -7.9168 -7.9168 -6.4238 -6.4238 -0.5128 -0.5128
-14.2288 -14.2288 -7.9478 -7.9478 -6.5178 -6.5178 -0.4218 -0.4218
-14.1768 -14.1768 -7.9708 -7.9708 -6.6088 -6.6088 -0.3378 -0.3378
-14.1308 -14.1308 -7.9848 -7.9848 -6.6968 -6.6968 -0.2628 -0.2628
-14.0898 -14.0898 -7.9908 -7.9908 -6.7808 -6.7808 -0.1958 -0.1958
-14.0548 -14.0548 -7.9898 -7.9898 -6.8588 -6.8588 -0.1368 -0.1368
-14.0258 -14.0258 -7.9818 -7.9818 -6.9318 -6.9318 -0.0878 -0.0878
-14.0028 -14.0028 -7.9688 -7.9688 -6.9968 -6.9968 -0.0488 -0.0488
-13.9848 -13.9848 -7.9528 -7.9528 -7.0528 -7.0528 -0.0178 -0.0178
-13.9728 -13.9728 -7.9368 -7.9368 -7.0968 -7.0968 0.0032 0.0032
-13.9648 -13.9648 -7.9248 -7.9248 -7.1258 -7.1258 0.0152 0.0152
-13.9628 -13.9628 -7.9198 -7.9198 -7.1358 -7.1358 0.0192 0.0192
-13.9628 -13.9628 -7.9198 -7.9198 -7.1358 -7.1358 0.0192 0.0192
-13.9648 -13.9648 -7.9258 -7.9258 -7.1248 -7.1248 0.0152 0.0152
-13.9718 -13.9718 -7.9438 -7.9438 -7.0898 -7.0898 0.0042 0.0042
-13.9828 -13.9828 -7.9728 -7.9728 -7.0338 -7.0338 -0.0138 -0.0138
-13.9978 -13.9978 -8.0108 -8.0108 -6.9598 -6.9598 -0.0388 -0.0388
-14.0148 -14.0148 -8.0538 -8.0538 -6.8708 -6.8708 -0.0678 -0.0678
-14.0358 -14.0358 -8.1008 -8.1008 -6.7698 -6.7698 -0.1018 -0.1018
-14.0578 -14.0578 -8.1498 -8.1498 -6.6588 -6.6588 -0.1388 -0.1388
-14.0828 -14.0828 -8.2008 -8.2008 -6.5408 -6.5408 -0.1788 -0.1788
-14.1088 -14.1088 -8.2508 -8.2508 -6.4158 -6.4158 -0.2208 -0.2208
-14.1358 -14.1358 -8.2998 -8.2998 -6.2858 -6.2858 -0.2638 -0.2638
-14.1638 -14.1638 -8.3488 -8.3488 -6.1518 -6.1518 -0.3088 -0.3088
-14.1928 -14.1928 -8.3958 -8.3958 -6.0148 -6.0148 -0.3538 -0.3538
-14.2218 -14.2218 -8.4418 -8.4418 -5.8768 -5.8768 -0.3988 -0.3988
-14.2498 -14.2498 -8.4848 -8.4848 -5.7378 -5.7378 -0.4428 -0.4428
-14.2778 -14.2778 -8.5268 -8.5268 -5.5988 -5.5988 -0.4868 -0.4868
-14.3058 -14.3058 -8.5668 -8.5668 -5.4608 -5.4608 -0.5288 -0.5288
-14.3328 -14.3328 -8.6048 -8.6048 -5.3248 -5.3248 -0.5708 -0.5708
-14.3588 -14.3588 -8.6398 -8.6398 -5.1918 -5.1918 -0.6098 -0.6098
-14.3838 -14.3838 -8.6728 -8.6728 -5.0628 -5.0628 -0.6478 -0.6478
-14.4068 -14.4068 -8.7038 -8.7038 -4.9378 -4.9378 -0.6828 -0.6828
-14.4288 -14.4288 -8.7318 -8.7318 -4.8188 -4.8188 -0.7168 -0.7168
-14.4498 -14.4498 -8.7578 -8.7578 -4.7058 -4.7058 -0.7468 -0.7468
-14.4688 -14.4688 -8.7818 -8.7818 -4.6008 -4.6008 -0.7758 -0.7758
-14.4858 -14.4858 -8.8028 -8.8028 -4.5038 -4.5038 -0.8008 -0.8008
-14.5008 -14.5008 -8.8218 -8.8218 -4.4158 -4.4158 -0.8238 -0.8238
-14.5148 -14.5148 -8.8378 -8.8378 -4.3378 -4.3378 -0.8438 -0.8438
-14.5258 -14.5258 -8.8518 -8.8518 -4.2698 -4.2698 -0.8618 -0.8618
-14.5358 -14.5358 -8.8628 -8.8628 -4.2138 -4.2138 -0.8758 -0.8758
-14.5428 -14.5428 -8.8718 -8.8718 -4.1698 -4.1698 -0.8868 -0.8868
-14.5478 -14.5478 -8.8778 -8.8778 -4.1368 -4.1368 -0.8948 -0.8948
-14.5518 -14.5518 -8.8818 -8.8818 -4.1178 -4.1178 -0.8988 -0.8988
-14.5528 -14.5528 -8.8828 -8.8828 -4.1118 -4.1118 -0.9008 -0.9008
-14.5558 -14.5488 -8.8858 -8.8798 -4.1148 -4.1088 -0.9488 -0.8528
-14.5588 -14.5458 -8.8888 -8.8768 -4.1178 -4.1058 -0.9958 -0.8068
-14.5618 -14.5428 -8.8918 -8.8738 -4.1198 -4.1028 -1.0428 -0.7608
-14.5648 -14.5398 -8.8938 -8.8708 -4.1228 -4.0998 -1.0888 -0.7168
-14.5678 -14.5368 -8.8958 -8.8678 -4.1258 -4.0968 -1.1328 -0.6748
-14.5708 -14.5338 -8.8978 -8.8648 -4.1288 -4.0948 -1.1748 -0.6358
-14.5738 -14.5308 -8.8998 -8.8618 -4.1308 -4.0918 -1.2158 -0.5988
-14.5768 -14.5288 -8.9018 -8.8588 -4.1328 -4.0898 -1.2528 -0.5648
-14.5788 -14.5268 -8.9028 -8.8568 -4.1348 -4.0878 -1.2868 -0.5338
-14.5808 -14.5248 -8.9048 -8.8538 -4.1368 -4.0858 -1.3188 -0.5058
-14.5828 -14.5228 -8.9058 -8.8518 -4.1388 -4.0838 -1.3458 -0.4818
-14.5848 -14.5208 -8.9068 -8.8498 -4.1398 -4.0828 -1.3698 -0.4608
-14.5858 -14.5198 -8.9068 -8.8478 -4.1418 -4.0808 -1.3898 -0.4438
-14.5868 -14.5188 -8.9078 -8.8468 -4.1428 -4.0798 -1.4048 -0.4308
-14.5878 -14.5178 -8.9078 -8.8458 -4.1428 -4.0798 -1.4158 -0.4218
-14.5878 -14.5178 -8.9088 -8.8458 -4.1438 -4.0788 -1.4228 -0.4158
-14.5878 -14.5168 -8.9088 -8.8448 -4.1438 -4.0788 -1.4248 -0.4138
-17.8058 -17.5108 -1.3148 -1.2778 -1.3118 -1.2738 -6.2278 -4.0998
-17.8048 -17.5088 -1.3198 -1.3158 -1.2828 -1.2788 -6.2258 -4.0978
-17.7998 -17.5048 -1.3378 -1.3258 -1.3018 -1.2888 -6.2198 -4.0928
-17.7918 -17.4968 -1.3708 -1.3418 -1.3338 -1.3038 -6.2088 -4.0828
-17.7818 -17.4868 -1.4148 -1.3798 -1.3628 -1.3248 -6.1948 -4.0698
-17.7678 -17.4738 -1.4718 -1.4368 -1.3898 -1.3518 -6.1758 -4.0528
-17.7518 -17.4578 -1.5408 -1.5068 -1.4228 -1.3838 -6.1528 -4.0328
-17.7318 -17.4388 -1.6218 -1.5878 -1.4598 -1.4208 -6.1258 -4.0078
-17.7088 -17.4168 -1.7138 -1.6798 -1.5028 -1.4628 -6.0948 -3.9798
-17.6838 -17.3918 -1.8158 -1.7828 -1.5508 -1.5098 -6.0588 -3.9488
-17.6548 -17.3648 -1.9278 -1.8958 -1.6028 -1.5618 -6.0198 -3.9128
-17.6228 -17.3338 -2.0488 -2.0168 -1.6598 -1.6168 -5.9758 -3.8748
-17.5888 -17.3008 -2.1798 -2.1468 -1.7198 -1.6768 -5.9288 -3.8318
-17.5508 -17.2648 -2.3178 -2.2858 -1.7828 -1.7388 -5.8768 -3.7858
-17.5108 -17.2258 -2.4648 -2.4308 -1.8498 -1.8048 -5.8218 -3.7358
-17.4678 -17.1838 -2.6178 -2.5838 -1.9188 -1.8728 -5.7618 -3.6828
-17.4218 -17.1398 -2.7768 -2.7418 -1.9898 -1.9438 -5.6978 -3.6258
-17.3728 -17.0928 -2.9428 -2.9058 -2.0638 -2.0158 -5.6308 -3.5658
-17.3218 -17.0428 -3.1128 -3.0748 -2.1388 -2.0898 -5.5588 -3.5028
-17.2668 -16.9898 -3.2888 -3.2488 -2.2148 -2.1658 -5.4838 -3.4358
-17.2098 -16.9358 -3.4678 -3.4268 -2.2928 -2.2418 -5.4048 -3.3658
-17.1508 -16.8778 -3.6508 -3.6078 -2.3708 -2.3198 -5.3218 -3.2928
-17.0878 -16.8178 -3.8368 -3.7918 -2.4488 -2.3978 -5.2348 -3.2168
-17.0238 -16.7558 -4.0258 -3.9778 -2.5278 -2.4758 -5.1438 -3.1368
-16.9568 -16.6908 -4.2168 -4.1668 -2.6068 -2.5528 -5.0498 -3.0548
-16.8868 -16.6238 -4.4098 -4.3578 -2.6848 -2.6308 -4.9528 -2.9698
-16.8148 -16.5548 -4.6038 -4.5488 -2.7628 -2.7078 -4.8518 -2.8818
-16.7408 -16.4838 -4.7988 -4.7418 -2.8398 -2.7838 -4.7468 -2.7918
-16.6638 -16.4108 -4.9938 -4.9348 -2.9158 -2.8598 -4.6388 -2.6988
-16.5858 -16.3358 -5.1898 -5.1278 -2.9908 -2.9338 -4.5278 -2.6038
-16.5058 -16.2588 -5.3848 -5.3208 -3.0638 -3.0068 -4.4138 -2.5058
-16.4238 -16.1798 -5.5798 -5.5128 -3.1358 -3.0778 -4.2968 -2.4068
-16.3398 -16.0998 -5.7728 -5.7038 -3.2068 -3.1478 -4.1768 -2.3058
-16.2538 -16.0188 -5.9648 -5.8938 -3.2748 -3.2158 -4.0538 -2.2028
-16.1678 -15.9358 -6.1558 -6.0818 -3.3418 -3.2818 -3.9278 -2.0988
-16.0798 -15.8528 -6.3428 -6.2678 -3.4058 -3.3458 -3.8008 -1.9938
-15.9908 -15.7688 -6.5288 -6.4508 -3.4688 -3.4078 -3.6708 -1.8878
-15.9008 -15.6838 -6.7108 -6.6318 -3.5288 -3.4678 -3.5388 -1.7818
-15.8108 -15.5988 -6.8898 -6.8088 -3.5868 -3.5248 -3.4058 -1.6748
-15.7198 -15.5138 -7.0648 -6.9828 -3.6418 -3.5798 -3.2708 -1.5688
-15.6298 -15.4288 -7.2358 -7.1518 -3.6948 -3.6328 -3.1348 -1.4638
-15.5398 -15.3448 -7.4018 -7.3168 -3.7448 -3.6818 -2.9978 -1.3598
-15.4498 -15.2628 -7.5618 -7.4768 -3.7918 -3.7298 -2.8618 -1.2588
-15.3618 -15.1808 -7.7168 -7.6308 -3.8368 -3.7738 -2.7258 -1.1598
-15.2758 -15.1018 -7.8648 -7.7798 -3.8778 -3.8148 -2.5898 -1.0638
-15.1918 -15.0258 -8.0058 -7.9208 -3.9168 -3.8538 -2.4568 -0.9718
-15.1098 -14.9528 -8.1388 -8.0548 -3.9528 -3.8898 -2.3258 -0.8848
-15.0318 -14.8828 -8.2638 -8.1818 -3.9858 -3.9218 -2.1978 -0.8038
-14.9578 -14.8178 -8.3798 -8.2988 -4.0158 -3.9518 -2.0748 -0.7288
-14.8878 -14.7568 -8.4858 -8.4068 -4.0428 -3.9788 -1.9568 -0.6608
-14.8228 -14.7028 -8.5818 -8.5048 -4.0668 -4.0028 -1.8468 -0.6008
-14.7648 -14.6538 -8.6658 -8.5918 -4.0878 -4.0228 -1.7458 -0.5498
-14.7138 -14.6128 -8.7388 -8.6668 -4.1048 -4.0408 -1.6548 -0.5068
-14.6698 -14.5778 -8.7988 -8.7298 -4.1198 -4.0548 -1.5758 -0.4718
-14.6348 -14.5508 -8.8468 -8.7798 -4.1308 -4.0658 -1.5118 -0.4468
-14.6088 -14.5318 -8.8808 -8.8158 -4.1388 -4.0738 -1.4648 -0.4288
-14.5928 -14.5208 -8.9008 -8.8378 -4.1438 -4.0788 -1.4358 -0.4178
-14.5878 -14.5168 -8.9078 -8.8448 -4.1448 -4.0798 -1.4258 -0.4148
-14.5878 -14.5168 -8.9078 -8.8448 -4.1448 -4.0808 -1.4238 -0.4168
-14.5868 -14.5178 -8.9078 -8.8458 -4.1448 -4.0808 -1.4168 -0.4218
-14.5868 -14.5178 -8.9078 -8.8468 -4.1438 -4.0818 -1.4058 -0.4318
-14.5858 -14.5188 -8.9068 -8.8478 -4.1428 -4.0828 -1.3908 -0.4448
-14.5838 -14.5208 -8.9058 -8.8488 -4.1418 -4.0838 -1.3708 -0.4618
-14.5828 -14.5218 -8.9048 -8.8508 -4.1398 -4.0848 -1.3468 -0.4818
-14.5808 -14.5238 -8.9038 -8.8538 -4.1388 -4.0868 -1.3198 -0.5068
-14.5788 -14.5258 -8.9028 -8.8558 -4.1368 -4.0888 -1.2878 -0.5338
-14.5758 -14.5288 -8.9008 -8.8588 -4.1348 -4.0908 -1.2538 -0.5648
-14.5738 -14.5308 -8.8998 -8.8618 -4.1318 -4.0928 -1.2158 -0.5988
-14.5708 -14.5338 -8.8978 -8.8638 -4.1298 -4.0958 -1.1758 -0.6358
-14.5678 -14.5368 -8.8958 -8.8678 -4.1268 -4.0978 -1.1338 -0.6758
-14.5648 -14.5398 -8.8938 -8.8708 -4.1248 -4.1008 -1.0898 -0.7178
-14.5618 -14.5428 -8.8908 -8.8738 -4.1218 -4.1038 -1.0438 -0.7618
-14.5588 -14.5458 -8.8888 -8.8768 -4.1188 -4.1068 -0.9968 -0.8078
-14.5558 -14.5488 -8.8858 -8.8798 -4.1158 -4.1098 -0.9488 -0.8538
-14.5518 -14.5518 -8.8828 -8.8828 -4.1128 -4.1128 -0.9018 -0.9018
-14.5568 -14.5568 -8.8758 -8.8758 -4.1108 -4.1108 -0.9088 -0.9088
-14.5708 -14.5708 -8.8548 -8.8548 -4.1068 -4.1068 -0.9308 -0.9308
-14.5928 -14.5928 -8.8198 -8.8198 -4.0988 -4.0988 -0.9658 -0.9658
-14.6238 -14.6238 -8.7708 -8.7708 -4.0868 -4.0868 -1.0148 -1.0148
-14.6628 -14.6628 -8.7088 -8.7088 -4.0728 -4.0728 -1.0768 -1.0768
-14.7098 -14.7098 -8.6348 -8.6348 -4.0558 -4.0558 -1.1488 -1.1488
-14.7638 -14.7638 -8.5498 -8.5498 -4.0348 -4.0348 -1.2308 -1.2308
-14.8228 -14.8228 -8.4528 -8.4528 -4.0108 -4.0108 -1.3218 -1.3218
-14.8878 -14.8878 -8.3448 -8.3448 -3.9838 -3.9838 -1.4198 -1.4198
-14.9578 -14.9578 -8.2288 -8.2288 -3.9548 -3.9548 -1.5248 -1.5248
-15.0318 -15.0318 -8.1028 -8.1028 -3.9218 -3.9218 -1.6348 -1.6348
-15.1098 -15.1098 -7.9688 -7.9688 -3.8858 -3.8858 -1.7488 -1.7488
-15.1908 -15.1908 -7.8278 -7.8278 -3.8468 -3.8468 -1.8668 -1.8668
-15.2728 -15.2728 -7.6798 -7.6798 -3.8048 -3.8048 -1.9868 -1.9868
-15.3578 -15.3578 -7.5258 -7.5258 -3.7608 -3.7608 -2.1088 -2.1088
-15.4438 -15.4438 -7.3648 -7.3648 -3.7138 -3.7138 -2.2318 -2.2318
-15.5308 -15.5308 -7.1998 -7.1998 -3.6638 -3.6638 -2.3558 -2.3558
-15.6188 -15.6188 -7.0298 -7.0298 -3.6108 -3.6108 -2.4798 -2.4798
-15.7068 -15.7068 -6.8558 -6.8558 -3.5558 -3.5558 -2.6028 -2.6028
-15.7948 -15.7948 -6.6778 -6.6778 -3.4988 -3.4988 -2.7258 -2.7258
-15.8818 -15.8818 -6.4968 -6.4968 -3.4388 -3.4388 -2.8478 -2.8478
-15.9688 -15.9688 -6.3128 -6.3128 -3.3768 -3.3768 -2.9678 -2.9678
-16.0548 -16.0548 -6.1268 -6.1268 -3.3118 -3.3118 -3.0858 -3.0858
-16.1388 -16.1388 -5.9388 -5.9388 -3.2458 -3.2458 -3.2028 -3.2028
-16.2228 -16.2228 -5.7488 -5.7488 -3.1768 -3.1768 -3.3168 -3.3168
-16.3048 -16.3048 -5.5578 -5.5578 -3.1068 -3.1068 -3.4278 -3.4278
-16.3848 -16.3848 -5.3668 -5.3668 -3.0358 -3.0358 -3.5368 -3.5368
-16.4638 -16.4638 -5.1748 -5.1748 -2.9618 -2.9618 -3.6418 -3.6418
-16.5408 -16.5408 -4.9848 -4.9848 -2.8878 -2.8878 -3.7428 -3.7428
-16.6158 -16.6158 -4.7968 -4.7968 -2.8118 -2.8118 -3.8388 -3.8388
-16.6888 -16.6888 -4.6148 -4.6148 -2.7358 -2.7358 -3.9258 -3.9258
-16.7588 -16.7588 -4.4478 -4.4478 -2.6578 -2.6578 -3.9968 -3.9968
-16.8278 -16.8278 -4.3308 -4.3308 -2.5798 -2.5798 -4.0148 -4.0148
-16.8938 -16.8938 -4.3198 -4.3198 -2.5018 -2.5018 -3.9248 -3.9248
-16.9568 -16.9568 -4.3728 -4.3728 -2.4238 -2.4238 -3.7708 -3.7708
-17.0178 -17.0178 -4.4418 -4.4418 -2.3448 -2.3448 -3.5988 -3.5988
-17.0768 -17.0768 -4.5138 -4.5138 -2.2678 -2.2678 -3.4248 -3.4248
-17.1328 -17.1328 -4.5848 -4.5848 -2.1908 -2.1908 -3.2508 -3.2508
-17.1858 -17.1858 -4.6538 -4.6538 -2.1148 -2.1148 -3.0788 -3.0788
-17.2368 -17.2368 -4.7198 -4.7198 -2.0398 -2.0398 -2.9118 -2.9118
-17.2848 -17.2848 -4.7838 -4.7838 -1.9668 -1.9668 -2.7488 -2.7488
-17.3298 -17.3298 -4.8428 -4.8428 -1.8958 -1.8958 -2.5908 -2.5908
-17.3728 -17.3728 -4.8998 -4.8998 -1.8268 -1.8268 -2.4398 -2.4398
-17.4128 -17.4128 -4.9518 -4.9518 -1.7608 -1.7608 -2.2948 -2.2948
-17.4488 -17.4488 -5.0008 -5.0008 -1.6978 -1.6978 -2.1578 -2.1578
-17.4828 -17.4828 -5.0458 -5.0458 -1.6388 -1.6388 -2.0278 -2.0278
-17.5138 -17.5138 -5.0868 -5.0868 -1.5828 -1.5828 -1.9068 -1.9068
-17.5428 -17.5428 -5.1248 -5.1248 -1.5308 -1.5308 -1.7958 -1.7958
-17.5678 -17.5678 -5.1578 -5.1578 -1.4838 -1.4838 -1.6938 -1.6938
-17.5898 -17.5898 -5.1878 -5.1878 -1.4408 -1.4408 -1.6028 -1.6028
-17.6088 -17.6088 -5.2138 -5.2138 -1.4028 -1.4028 -1.5228 -1.5228
-17.6258 -17.6258 -5.2358 -5.2358 -1.3708 -1.3708 -1.4538 -1.4538
-17.6388 -17.6388 -5.2538 -5.2538 -1.3438 -1.3438 -1.3968 -1.3968
-17.6498 -17.6498 -5.2678 -5.2678 -1.3518 -1.3518 -1.3228 -1.3228
-17.6568 -17.6568 -5.2778 -5.2778 -1.3198 -1.3198 -1.3078 -1.3078
-17.6618 -17.6618 -5.2828 -5.2828 -1.3008 -1.3008 -1.2978 -1.2978
-17.6628 -17.6628 -5.2848 -5.2848 -1.2968 -1.2968 -1.2928 -1.2928
-17.6618 -17.6618 -5.2828 -5.2828 -1.3028 -1.3028 -1.2958 -1.2958
-17.6568 -17.6568 -5.2778 -5.2778 -1.3218 -1.3218 -1.3048 -1.3048
-17.6498 -17.6498 -5.2678 -5.2678 -1.3538 -1.3538 -1.3208 -1.3208
-17.6388 -17.6388 -5.2538 -5.2538 -1.3988 -1.3988 -1.3418 -1.3418
-17.6258 -17.6258 -5.2358 -5.2358 -1.4558 -1.4558 -1.3678 -1.3678
-17.6088 -17.6088 -5.2138 -5.2138 -1.5248 -1.5248 -1.4008 -1.4008
-17.5898 -17.5898 -5.1878 -5.1878 -1.6048 -1.6048 -1.4378 -1.4378
-17.5678 -17.5678 -5.1578 -5.1578 -1.6958 -1.6958 -1.4808 -1.4808
-17.5428 -17.5428 -5.1248 -5.1248 -1.7978 -1.7978 -1.5288 -1.5288
-17.5138 -17.5138 -5.0868 -5.0868 -1.9098 -1.9098 -1.5798 -1.5798
-17.4828 -17.4828 -5.0458 -5.0458 -2.0298 -2.0298 -1.6358 -1.6358
-17.4488 -17.4488 -5.0008 -5.0008 -2.1598 -2.1598 -1.6958 -1.6958
-17.4128 -17.4128 -4.9518 -4.9518 -2.2968 -2.2968 -1.7588 -1.7588
-17.3728 -17.3728 -4.8998 -4.8998 -2.4418 -2.4418 -1.8248 -1.8248
-17.3298 -17.3298 -4.8428 -4.8428 -2.5928 -2.5928 -1.8938 -1.8938
-17.2848 -17.2848 -4.7838 -4.7838 -2.7508 -2.7508 -1.9648 -1.9648
-17.2368 -17.2368 -4.7198 -4.7198 -2.9138 -2.9138 -2.0378 -2.0378
-17.1858 -17.1858 -4.6538 -4.6538 -3.0808 -3.0808 -2.1128 -2.1128
-17.1328 -17.1328 -4.5848 -4.5848 -3.2518 -3.2518 -2.1888 -2.1888
-17.0768 -17.0768 -4.5138 -4.5138 -3.4258 -3.4258 -2.2658 -2.2658
-17.0178 -17.0178 -4.4418 -4.4418 -3.6008 -3.6008 -2.3428 -2.3428
-16.9568 -16.9568 -4.3728 -4.3728 -3.7718 -3.7718 -2.4218 -2.4218
-16.8938 -16.8938 -4.3198 -4.3198 -3.9258 -3.9258 -2.4998 -2.4998
-16.8278 -16.8278 -4.3318 -4.3318 -4.0148 -4.0148 -2.5778 -2.5778
-16.7588 -16.7588 -4.4488 -4.4488 -3.9968 -3.9968 -2.6558 -2.6558
-16.6888 -16.6888 -4.6158 -4.6158 -3.9258 -3.9258 -2.7338 -2.7338
-16.6158 -16.6158 -4.7978 -4.7978 -3.8388 -3.8388 -2.8098 -2.8098
-16.5408 -16.5408 -4.9858 -4.9858 -3.7428 -3.7428 -2.8858 -2.8858
-16.4638 -16.4638 -5.1768 -5.1768 -3.6418 -3.6418 -2.9608 -2.9608
-16.3858 -16.3858 -5.3678 -5.3678 -3.5368 -3.5368 -3.0338 -3.0338
-16.3048 -16.3048 -5.5588 -5.5588 -3.4278 -3.4278 -3.1058 -3.1058
-16.2228 -16.2228 -5.7498 -5.7498 -3.3168 -3.3168 -3.1758 -3.1758
-16.1398 -16.1398 -5.9398 -5.9398 -3.2028 -3.2028 -3.2438 -3.2438
-16.0548 -16.0548 -6.1278 -6.1278 -3.0858 -3.0858 -3.3108 -3.3108
-15.9688 -15.9688 -6.3138 -6.3138 -2.9678 -2.9678 -3.3748 -3.3748
-15.8818 -15.8818 -6.4978 -6.4978 -2.8478 -2.8478 -3.4368 -3.4368
-15.7948 -15.7948 -6.6788 -6.6788 -2.7258 -2.7258 -3.4968 -3.4968
-15.7068 -15.7068 -6.8568 -6.8568 -2.6028 -2.6028 -3.5548 -3.5548
-15.6188 -15.6188 -7.0308 -7.0308 -2.4798 -2.4798 -3.6098 -3.6098
-15.5318 -15.5318 -7.2008 -7.2008 -2.3558 -2.3558 -3.6618 -3.6618
-15.4448 -15.4448 -7.3658 -7.3658 -2.2318 -2.2318 -3.7118 -3.7118
-15.3578 -15.3578 -7.5258 -7.5258 -2.1088 -2.1088 -3.7598 -3.7598
-15.2738 -15.2738 -7.6808 -7.6808 -1.9868 -1.9868 -3.8038 -3.8038
-15.1908 -15.1908 -7.8288 -7.8288 -1.8668 -1.8668 -3.8458 -3.8458
-15.1098 -15.1098 -7.9698 -7.9698 -1.7488 -1.7488 -3.8838 -3.8838
-15.0328 -15.0328 -8.1038 -8.1038 -1.6348 -1.6348 -3.9198 -3.9198
-14.9588 -14.9588 -8.2288 -8.2288 -1.5248 -1.5248 -3.9528 -3.9528
-14.8888 -14.8888 -8.3458 -8.3458 -1.4198 -1.4198 -3.9828 -3.9828
-14.8228 -14.8228 -8.4528 -8.4528 -1.3208 -1.3208 -4.0098 -4.0098
-14.7638 -14.7638 -8.5498 -8.5498 -1.2298 -1.2298 -4.0338 -4.0338
-14.7098 -14.7098 -8.6358 -8.6358 -1.1478 -1.1478 -4.0538 -4.0538
-14.6638 -14.6638 -8.7098 -8.7098 -1.0758 -1.0758 -4.0718 -4.0718
-14.6248 -14.6248 -8.7708 -8.7708 -1.0148 -1.0148 -4.0858 -4.0858
-14.5928 -14.5928 -8.8198 -8.8198 -0.9658 -0.9658 -4.0968 -4.0968
-14.5708 -14.5708 -8.8548 -8.8548 -0.9298 -0.9298 -4.1048 -4.1048
-14.5568 -14.5568 -8.8758 -8.8758 -0.9078 -0.9078 -4.1098 -4.1098
-14.5528 -14.5528 -8.8828 -8.8828 -0.9008 -0.9008 -4.1118 -4.1118
