1  -1.2988350000E+01  -4.4355300000E+00  -4.4355300000E+00  -4.4355300000E+00  -1.1992800000E+00  -1.1992800000E+00   1.0280290000E+01   1.0280290000E+01   1.0280290000E+01
2  -1.2985180000E+01  -4.4360300000E+00  -4.4360300000E+00  -4.4336700000E+00  -1.2040300000E+00  -1.1971800000E+00   1.0279680000E+01   1.0290340000E+01   1.0290340000E+01
3  -1.2975660000E+01  -4.4375300000E+00  -4.4375300000E+00  -4.4280900000E+00  -1.2182700000E+00  -1.1909000000E+00   1.0277810000E+01   1.0320380000E+01   1.0320380000E+01
4  -1.2959810000E+01  -4.4399800000E+00  -4.4399800000E+00  -4.4188000000E+00  -1.2419300000E+00  -1.1804400000E+00   1.0274580000E+01   1.0370110000E+01   1.0370110000E+01
5  -1.2937650000E+01  -4.4433300000E+00  -4.4433300000E+00  -4.4057900000E+00  -1.2749200000E+00  -1.1658300000E+00   1.0269780000E+01   1.0439010000E+01   1.0439010000E+01
6  -1.2909220000E+01  -4.4474900000E+00  -4.4474900000E+00  -4.3890600000E+00  -1.3171000000E+00  -1.1470700000E+00   1.0263190000E+01   1.0526360000E+01   1.0526360000E+01
7  -1.2874560000E+01  -4.4523700000E+00  -4.4523700000E+00  -4.3686100000E+00  -1.3683000000E+00  -1.1242200000E+00   1.0254510000E+01   1.0631290000E+01   1.0631290000E+01
8  -1.2833710000E+01  -4.4578200000E+00  -4.4578200000E+00  -4.3444500000E+00  -1.4283200000E+00  -1.0973300000E+00   1.0243450000E+01   1.0752700000E+01   1.0752700000E+01
9  -1.2786740000E+01  -4.4637200000E+00  -4.4637200000E+00  -4.3165800000E+00  -1.4969100000E+00  -1.0664800000E+00   1.0229700000E+01   1.0889360000E+01   1.0889360000E+01
10  -1.2733730000E+01  -4.4699200000E+00  -4.4699200000E+00  -4.2849900000E+00  -1.5738000000E+00  -1.0317700000E+00   1.0213000000E+01   1.1039890000E+01   1.1039890000E+01
11  -1.2674740000E+01  -4.4762300000E+00  -4.4762300000E+00  -4.2496900000E+00  -1.6586900000E+00  -9.9335000000E-01   1.0193120000E+01   1.1202770000E+01   1.1202770000E+01
12  -1.2609870000E+01  -4.4825000000E+00  -4.4825000000E+00  -4.2106900000E+00  -1.7512700000E+00  -9.5138000000E-01   1.0169880000E+01   1.1376370000E+01   1.1376370000E+01
13  -1.2539230000E+01  -4.4885300000E+00  -4.4885300000E+00  -4.1679800000E+00  -1.8511700000E+00  -9.0608000000E-01   1.0143210000E+01   1.1558960000E+01   1.1558960000E+01
14  -1.2462930000E+01  -4.4941300000E+00  -4.4941300000E+00  -4.1215700000E+00  -1.9580400000E+00  -8.5771000000E-01   1.0113130000E+01   1.1748740000E+01   1.1748740000E+01
15  -1.2381080000E+01  -4.4991100000E+00  -4.4991100000E+00  -4.0714700000E+00  -2.0714900000E+00  -8.0658000000E-01   1.0079760000E+01   1.1943850000E+01   1.1943850000E+01
16  -1.2293830000E+01  -4.5032600000E+00  -4.5032600000E+00  -4.0176700000E+00  -2.1911300000E+00  -7.5304000000E-01   1.0043360000E+01   1.2142400000E+01   1.2142400000E+01
17  -1.2201320000E+01  -4.5064000000E+00  -4.5064000000E+00  -3.9602000000E+00  -2.3165300000E+00  -6.9753000000E-01   1.0004300000E+01   1.2342470000E+01   1.2342470000E+01
18  -1.2103700000E+01  -4.5083200000E+00  -4.5083200000E+00  -3.8990500000E+00  -2.4472800000E+00  -6.4051000000E-01   9.9630700000E+00   1.2542170000E+01   1.2542170000E+01
19  -1.2001150000E+01  -4.5088200000E+00  -4.5088200000E+00  -3.8342300000E+00  -2.5829700000E+00  -5.8251000000E-01   9.9203100000E+00   1.2739590000E+01   1.2739590000E+01
20  -1.1893850000E+01  -4.5076900000E+00  -4.5076900000E+00  -3.7657600000E+00  -2.7231600000E+00  -5.2412000000E-01   9.8767500000E+00   1.2932910000E+01   1.2932910000E+01
21  -1.1781990000E+01  -4.5047500000E+00  -4.5047500000E+00  -3.6936500000E+00  -2.8674300000E+00  -4.6598000000E-01   9.8332700000E+00   1.3120340000E+01   1.3120340000E+01
22  -1.1665770000E+01  -4.4998000000E+00  -4.4998000000E+00  -3.6179100000E+00  -3.0153400000E+00  -4.0878000000E-01   9.7908200000E+00   1.3300170000E+01   1.3300170000E+01
23  -1.1545440000E+01  -4.4926500000E+00  -4.4926500000E+00  -3.5385700000E+00  -3.1664900000E+00  -3.5324000000E-01   9.7504500000E+00   1.3470770000E+01   1.3470770000E+01
24  -1.1421210000E+01  -4.4831000000E+00  -4.4831000000E+00  -3.4556400000E+00  -3.3204500000E+00  -3.0014000000E-01   9.7132800000E+00   1.3630630000E+01   1.3630630000E+01
25  -1.1293360000E+01  -4.4709800000E+00  -4.4709800000E+00  -3.4768200000E+00  -3.3691500000E+00  -2.5024000000E-01   9.6804700000E+00   1.3778340000E+01   1.3778340000E+01
26  -1.1162140000E+01  -4.4561000000E+00  -4.4561000000E+00  -3.6351900000E+00  -3.2791200000E+00  -2.0431000000E-01   9.6532000000E+00   1.3912620000E+01   1.3912620000E+01
27  -1.1027870000E+01  -4.4382800000E+00  -4.4382800000E+00  -3.7951900000E+00  -3.1855900000E+00  -1.6310000000E-01   9.6326500000E+00   1.4032320000E+01   1.4032320000E+01
28  -1.0890860000E+01  -4.4173600000E+00  -4.4173600000E+00  -3.9564400000E+00  -3.0885900000E+00  -1.2731000000E-01   9.6199500000E+00   1.4136410000E+01   1.4136410000E+01
29  -1.0751440000E+01  -4.3931600000E+00  -4.3931600000E+00  -4.1185700000E+00  -2.9881500000E+00  -9.7550000000E-02   9.6161500000E+00   1.4224030000E+01   1.4224030000E+01
30  -1.0610000000E+01  -4.3655100000E+00  -4.3655100000E+00  -4.2812400000E+00  -2.8843300000E+00  -7.4320000000E-02   9.6221900000E+00   1.4294420000E+01   1.4294420000E+01
31  -1.0466920000E+01  -4.4441100000E+00  -4.3342800000E+00  -4.3342800000E+00  -2.7771700000E+00  -5.8010000000E-02   9.6388600000E+00   1.4347000000E+01   1.4347000000E+01
32  -1.0322660000E+01  -4.6068500000E+00  -4.2992900000E+00  -4.2992900000E+00  -2.6667300000E+00  -4.8820000000E-02   9.6667800000E+00   1.4381300000E+01   1.4381300000E+01
33  -1.0177670000E+01  -4.7691800000E+00  -4.2604000000E+00  -4.2604000000E+00  -2.5530700000E+00  -4.6770000000E-02   9.7063600000E+00   1.4397010000E+01   1.4397010000E+01
34  -1.0032460000E+01  -4.9307900000E+00  -4.2174700000E+00  -4.2174700000E+00  -2.4362700000E+00  -5.1670000000E-02   9.7577700000E+00   1.4393930000E+01   1.4393930000E+01
35  -9.8876000000E+00  -5.0914100000E+00  -4.1703600000E+00  -4.1703600000E+00  -2.3163900000E+00  -6.3140000000E-02   9.8209700000E+00   1.4372000000E+01   1.4372000000E+01
36  -9.7436900000E+00  -5.2507800000E+00  -4.1189500000E+00  -4.1189500000E+00  -2.1935200000E+00  -8.0560000000E-02   9.8956600000E+00   1.4331260000E+01   1.4331260000E+01
37  -9.6013700000E+00  -5.4086600000E+00  -4.0631000000E+00  -4.0631000000E+00  -2.0677700000E+00  -1.0310000000E-01   9.9812900000E+00   1.4271890000E+01   1.4271890000E+01
38  -9.4613400000E+00  -5.5648100000E+00  -4.0027000000E+00  -4.0027000000E+00  -1.9392200000E+00  -1.2975000000E-01   1.0077110000E+01   1.4194150000E+01   1.4194150000E+01
39  -9.3243600000E+00  -5.7190200000E+00  -3.9376300000E+00  -3.9376300000E+00  -1.8080100000E+00  -1.5929000000E-01   1.0182140000E+01   1.4098400000E+01   1.4098400000E+01
40  -9.1912200000E+00  -5.8710900000E+00  -3.8677800000E+00  -3.8677800000E+00  -1.6742400000E+00  -1.9037000000E-01   1.0295220000E+01   1.3985080000E+01   1.3985080000E+01
41  -9.0627600000E+00  -6.0208300000E+00  -3.7930600000E+00  -3.7930600000E+00  -1.5380700000E+00  -2.2151000000E-01   1.0415030000E+01   1.3854710000E+01   1.3854710000E+01
42  -8.9398500000E+00  -6.1680600000E+00  -3.7133600000E+00  -3.7133600000E+00  -1.3996300000E+00  -2.5113000000E-01   1.0540110000E+01   1.3707880000E+01   1.3707880000E+01
43  -8.8233800000E+00  -6.3126200000E+00  -3.6286000000E+00  -3.6286000000E+00  -1.2591000000E+00  -2.7758000000E-01   1.0668900000E+01   1.3545230000E+01   1.3545230000E+01
44  -8.7142600000E+00  -6.4543500000E+00  -3.5386900000E+00  -3.5386900000E+00  -1.1166500000E+00  -2.9921000000E-01   1.0799780000E+01   1.3367440000E+01   1.3367440000E+01
45  -8.6133600000E+00  -6.5931300000E+00  -3.4435400000E+00  -3.4435400000E+00  -9.7247000000E-01  -3.1437000000E-01   1.0931040000E+01   1.3175260000E+01   1.3175260000E+01
46  -8.5215100000E+00  -6.7288000000E+00  -3.3431000000E+00  -3.3431000000E+00  -8.2676000000E-01  -3.2149000000E-01   1.1060990000E+01   1.2969430000E+01   1.2969430000E+01
47  -8.4394700000E+00  -6.8612600000E+00  -3.2372800000E+00  -3.2372800000E+00  -6.7976000000E-01  -3.1909000000E-01   1.1187920000E+01   1.2750740000E+01   1.2750740000E+01
48  -8.3678800000E+00  -6.9904000000E+00  -3.1260400000E+00  -3.1260400000E+00  -5.3169000000E-01  -3.0584000000E-01   1.1310150000E+01   1.2519990000E+01   1.2519990000E+01
49  -8.3072500000E+00  -7.1161100000E+00  -3.0093000000E+00  -3.0093000000E+00  -3.8282000000E-01  -2.8060000000E-01   1.1426060000E+01   1.2278000000E+01   1.2278000000E+01
50  -8.2579100000E+00  -7.2383100000E+00  -2.8870200000E+00  -2.8870200000E+00  -2.4244000000E-01  -2.3340000000E-01   1.1534110000E+01   1.2025560000E+01   1.2025560000E+01
51  -8.2200000000E+00  -7.3568900000E+00  -2.7591600000E+00  -2.7591600000E+00  -1.9069000000E-01  -8.3740000000E-02   1.1632830000E+01   1.1763510000E+01   1.1763510000E+01
52  -8.1934800000E+00  -7.4718000000E+00  -2.6256700000E+00  -2.6256700000E+00  -1.2492000000E-01   6.5870000000E-02   1.1492640000E+01   1.1492640000E+01   1.1720900000E+01
53  -8.1780700000E+00  -7.5829500000E+00  -2.4865200000E+00  -2.4865200000E+00  -4.4990000000E-02   2.1509000000E-01   1.1213740000E+01   1.1213740000E+01   1.1797120000E+01
54  -8.1733300000E+00  -7.6902900000E+00  -2.3416800000E+00  -2.3416800000E+00   4.9000000000E-02   3.6360000000E-01   1.0927610000E+01   1.0927610000E+01   1.1860450000E+01
55  -8.1786100000E+00  -7.7937500000E+00  -2.1911300000E+00  -2.1911300000E+00   1.5670000000E-01   5.1104000000E-01   1.0635000000E+01   1.0635000000E+01   1.1910030000E+01
56  -8.1931300000E+00  -7.8932800000E+00  -2.0348500000E+00  -2.0348500000E+00   2.7754000000E-01   6.5703000000E-01   1.0336670000E+01   1.0336670000E+01   1.1945170000E+01
57  -8.2160100000E+00  -7.9888300000E+00  -1.8728400000E+00  -1.8728400000E+00   4.1077000000E-01   8.0120000000E-01   1.0033330000E+01   1.0033330000E+01   1.1965400000E+01
58  -8.2462500000E+00  -8.0803600000E+00  -1.7050800000E+00  -1.7050800000E+00   5.5549000000E-01   9.4314000000E-01   9.7256900000E+00   9.7256900000E+00   1.1970440000E+01
59  -8.2828200000E+00  -8.1678300000E+00  -1.5315900000E+00  -1.5315900000E+00   7.1064000000E-01   1.0824400000E+00   9.4144200000E+00   9.4144200000E+00   1.1960240000E+01
60  -8.3246700000E+00  -8.2512000000E+00  -1.3523700000E+00  -1.3523700000E+00   8.7510000000E-01   1.2186900000E+00   9.1001800000E+00   9.1001800000E+00   1.1934960000E+01
61  -8.3707500000E+00  -8.3304400000E+00  -1.1674400000E+00  -1.1674400000E+00   1.0476300000E+00   1.3514600000E+00   8.7836000000E+00   8.7836000000E+00   1.1895000000E+01
62  -8.4200300000E+00  -8.4055300000E+00  -9.7684000000E-01  -9.7684000000E-01   1.2269400000E+00   1.4803000000E+00   8.4652800000E+00   8.4652800000E+00   1.1840970000E+01
63  -8.4764300000E+00  -8.4715300000E+00  -7.8059000000E-01  -7.8059000000E-01   1.4116500000E+00   1.6047900000E+00   8.1458000000E+00   8.1458000000E+00   1.1773700000E+01
64  -8.5431300000E+00  -8.5243200000E+00  -5.7876000000E-01  -5.7876000000E-01   1.6003300000E+00   1.7244900000E+00   7.8257300000E+00   7.8257300000E+00   1.1694250000E+01
65  -8.6056100000E+00  -8.5775300000E+00  -3.7140000000E-01  -3.7140000000E-01   1.7914900000E+00   1.8389500000E+00   7.5056000000E+00   7.5056000000E+00   1.1603910000E+01
66  -8.6638400000E+00  -8.6303400000E+00  -1.5861000000E-01  -1.5861000000E-01   1.9477600000E+00   1.9835200000E+00   7.1859400000E+00   7.1859400000E+00   1.1504170000E+01
67  -8.7178100000E+00  -8.6820200000E+00   5.9500000000E-02   5.9500000000E-02   2.0504800000E+00   2.1747600000E+00   6.8672700000E+00   6.8672700000E+00   1.1396760000E+01
68  -8.7675100000E+00  -8.7319000000E+00   2.8281000000E-01   2.8281000000E-01   2.1467000000E+00   2.3633900000E+00   6.5501100000E+00   6.5501100000E+00   1.1283600000E+01
69  -8.8129200000E+00  -8.7793500000E+00   5.1111000000E-01   5.1111000000E-01   2.2360400000E+00   2.5475100000E+00   6.2349800000E+00   6.2349800000E+00   1.1166830000E+01
70  -8.8540400000E+00  -8.8238400000E+00   7.4417000000E-01   7.4417000000E-01   2.3181200000E+00   2.7250300000E+00   5.9224500000E+00   5.9224500000E+00   1.1048820000E+01
71  -8.8908500000E+00  -8.8648800000E+00   9.8163000000E-01   9.8163000000E-01   2.3925800000E+00   2.8937400000E+00   5.6131400000E+00   5.6131400000E+00   1.0932090000E+01
72  -8.9233500000E+00  -8.9020600000E+00   1.2229900000E+00   1.2229900000E+00   2.4591000000E+00   3.0512700000E+00   5.3078000000E+00   5.3078000000E+00   1.0819360000E+01
73  -8.9515300000E+00  -8.9349900000E+00   1.4674600000E+00   1.4674600000E+00   2.5173800000E+00   3.1951300000E+00   5.0074500000E+00   5.0074500000E+00   1.0713470000E+01
74  -8.9753800000E+00  -8.9633800000E+00   1.7137500000E+00   1.7137500000E+00   2.5671600000E+00   3.3227500000E+00   4.7135600000E+00   4.7135600000E+00   1.0617320000E+01
75  -8.9949100000E+00  -8.9869500000E+00   1.9595200000E+00   1.9595200000E+00   2.6082100000E+00   3.4316000000E+00   4.4286300000E+00   4.4286300000E+00   1.0533750000E+01
76  -9.0100900000E+00  -9.0055000000E+00   2.2000300000E+00   2.2000300000E+00   2.6403400000E+00   3.5192600000E+00   4.1575300000E+00   4.1575300000E+00   1.0465460000E+01
77  -9.0209400000E+00  -9.0188700000E+00   2.4244800000E+00   2.4244800000E+00   2.6634000000E+00   3.5835900000E+00   3.9111500000E+00   3.9111500000E+00   1.0414800000E+01
78  -9.0274600000E+00  -9.0269300000E+00   2.6054200000E+00   2.6054200000E+00   2.6772800000E+00   3.6229100000E+00   3.7170300000E+00   3.7170300000E+00   1.0383610000E+01
79  -9.0296300000E+00  -9.0296300000E+00   2.6819100000E+00   2.6819100000E+00   2.6819100000E+00   3.6361400000E+00   3.6361400000E+00   3.6361400000E+00   1.0373080000E+01
80  -9.0273100000E+00  -9.0270500000E+00   2.5998500000E+00   2.6042600000E+00   2.6828500000E+00   3.6353600000E+00   3.7056600000E+00   3.7170300000E+00   1.0383690000E+01
81  -9.0203800000E+00  -9.0193100000E+00   2.4052200000E+00   2.4157100000E+00   2.6856800000E+00   3.6330000000E+00   3.8698900000E+00   3.9081100000E+00   1.0415420000E+01
82  -9.0088800000E+00  -9.0064200000E+00   2.1617000000E+00   2.1742800000E+00   2.6903700000E+00   3.6290400000E+00   4.0709900000E+00   4.1457100000E+00   1.0467870000E+01
83  -8.9928600000E+00  -8.9883800000E+00   1.8974300000E+00   1.9078700000E+00   2.6969300000E+00   3.6234100000E+00   4.2813700000E+00   4.4016600000E+00   1.0540380000E+01
84  -8.9724300000E+00  -8.9652100000E+00   1.6235100000E+00   1.6285100000E+00   2.7053400000E+00   3.6160500000E+00   4.4895400000E+00   4.6648100000E+00   1.0632000000E+01
85  -8.9477100000E+00  -8.9369200000E+00   1.3421600000E+00   1.3449400000E+00   2.7155800000E+00   3.6068700000E+00   4.6902500000E+00   4.9301600000E+00   1.0741420000E+01
86  -8.9188600000E+00  -8.9035400000E+00   1.0523300000E+00   1.0642900000E+00   2.7276200000E+00   3.5957600000E+00   4.8809100000E+00   5.1950400000E+00   1.0867010000E+01
87  -8.8860600000E+00  -8.8650800000E+00   7.6144000000E-01   7.8315000000E-01   2.7414300000E+00   3.5825800000E+00   5.0603100000E+00   5.4578500000E+00   1.1006760000E+01
88  -8.8495600000E+00  -8.8215800000E+00   4.7132000000E-01   5.0255000000E-01   2.7569800000E+00   3.5672000000E+00   5.2280100000E+00   5.7174800000E+00   1.1158340000E+01
89  -8.8096200000E+00  -8.7730500000E+00   1.8350000000E-01   2.2329000000E-01   2.7742400000E+00   3.5494700000E+00   5.3841000000E+00   5.9730900000E+00   1.1319160000E+01
90  -8.7665700000E+00  -8.7195500000E+00  -1.0071000000E-01  -5.4040000000E-02   2.7931600000E+00   3.5292000000E+00   5.5290400000E+00   6.2240000000E+00   1.1486340000E+01
91  -8.7207800000E+00  -8.6610900000E+00  -3.8012000000E-01  -3.2890000000E-01   2.8136900000E+00   3.5062400000E+00   5.6634900000E+00   6.4696500000E+00   1.1656880000E+01
92  -8.6727000000E+00  -8.5977400000E+00  -6.5360000000E-01  -6.0087000000E-01   2.8357800000E+00   3.4803900000E+00   5.7882800000E+00   6.7095400000E+00   1.1827640000E+01
93  -8.6228100000E+00  -8.5295200000E+00  -9.2006000000E-01  -8.6952000000E-01   2.8593700000E+00   3.4514700000E+00   5.9042900000E+00   6.9432200000E+00   1.1995440000E+01
94  -8.5717000000E+00  -8.4565000000E+00  -1.1784600000E+00  -1.1345200000E+00   2.8844100000E+00   3.4192800000E+00   6.0124400000E+00   7.1703000000E+00   1.2157130000E+01
95  -8.5200300000E+00  -8.3787200000E+00  -1.4277300000E+00  -1.3955200000E+00   2.9108200000E+00   3.3836200000E+00   6.1135800000E+00   7.3904200000E+00   1.2309610000E+01
96  -8.4685300000E+00  -8.2962600000E+00  -1.6667800000E+00  -1.6522200000E+00   2.9385500000E+00   3.3443200000E+00   6.2085500000E+00   7.6032600000E+00   1.2449880000E+01
97  -8.4180500000E+00  -8.2091600000E+00  -1.9043500000E+00  -1.8945100000E+00   2.9675100000E+00   3.3011800000E+00   6.2981100000E+00   7.8085400000E+00   1.2575090000E+01
98  -8.3695000000E+00  -8.1175000000E+00  -2.1516200000E+00  -2.1097700000E+00   2.9976200000E+00   3.2540300000E+00   6.3829300000E+00   8.0060200000E+00   1.2682580000E+01
99  -8.3238900000E+00  -8.0213500000E+00  -2.3938000000E+00  -2.3113600000E+00   3.0288000000E+00   3.2027000000E+00   6.4636100000E+00   8.1954800000E+00   1.2769890000E+01
100  -8.2823000000E+00  -7.9208000000E+00  -2.6306600000E+00  -2.4980900000E+00   3.0609600000E+00   3.1470200000E+00   6.5406700000E+00   8.3767700000E+00   1.2834810000E+01
101  -8.2458700000E+00  -7.8159300000E+00  -2.8619800000E+00  -2.6687200000E+00   3.0868700000E+00   3.0940200000E+00   6.6145500000E+00   8.5497400000E+00   1.2875390000E+01
102  -8.2157500000E+00  -7.7068400000E+00  -3.0875700000E+00  -2.8220600000E+00   3.0221100000E+00   3.1278700000E+00   6.6856500000E+00   8.7143000000E+00   1.2890010000E+01
103  -8.1930400000E+00  -7.5936100000E+00  -3.3072400000E+00  -2.9569800000E+00   2.9526500000E+00   3.1624100000E+00   6.7542600000E+00   8.8704000000E+00   1.2877340000E+01
104  -8.1787500000E+00  -7.4763700000E+00  -3.5208300000E+00  -3.0725100000E+00   2.8783800000E+00   3.1975500000E+00   6.8206600000E+00   9.0180100000E+00   1.2836430000E+01
105  -8.1737200000E+00  -7.3552300000E+00  -3.7281700000E+00  -3.1678400000E+00   2.7992700000E+00   3.2331700000E+00   6.8850400000E+00   9.1571600000E+00   1.2766710000E+01
106  -8.1785600000E+00  -7.2303100000E+00  -3.9291300000E+00  -3.2424700000E+00   2.7152600000E+00   3.2691600000E+00   6.9475700000E+00   9.2879100000E+00   1.2667970000E+01
107  -8.1935600000E+00  -7.1017500000E+00  -4.1235800000E+00  -3.2962100000E+00   2.6263600000E+00   3.3054000000E+00   7.0083600000E+00   9.4103400000E+00   1.2540440000E+01
108  -8.2186800000E+00  -6.9697000000E+00  -4.3114000000E+00  -3.3292600000E+00   2.5325700000E+00   3.3418000000E+00   7.0675000000E+00   9.5246000000E+00   1.2384710000E+01
109  -8.2535300000E+00  -6.8343100000E+00  -4.4924900000E+00  -3.3421900000E+00   2.4339500000E+00   3.3782100000E+00   7.1250400000E+00   9.6308400000E+00   1.2201790000E+01
110  -8.2974100000E+00  -6.6957600000E+00  -4.6667500000E+00  -3.3359000000E+00   2.3305900000E+00   3.4145300000E+00   7.1809800000E+00   9.7292500000E+00   1.1993060000E+01
111  -8.3493500000E+00  -6.5542500000E+00  -4.8341100000E+00  -3.3116000000E+00   2.2226000000E+00   3.4506200000E+00   7.2353200000E+00   9.8200700000E+00   1.1760270000E+01
112  -8.4082100000E+00  -6.4099700000E+00  -4.9944900000E+00  -3.2707200000E+00   2.1101300000E+00   3.4863800000E+00   7.2880100000E+00   9.9035600000E+00   1.1505500000E+01
113  -8.4727000000E+00  -6.2631700000E+00  -5.1478400000E+00  -3.2148500000E+00   1.9933700000E+00   3.5216600000E+00   7.3389600000E+00   9.9799700000E+00   1.1231130000E+01
114  -8.5415200000E+00  -6.1141000000E+00  -5.2941100000E+00  -3.1456400000E+00   1.8725600000E+00   3.5563400000E+00   7.3880600000E+00   1.0049630000E+01   1.0939800000E+01
115  -8.6133700000E+00  -5.9630400000E+00  -5.4332500000E+00  -3.0647600000E+00   1.7479700000E+00   3.5903100000E+00   7.4351400000E+00   1.0112840000E+01   1.0634420000E+01
116  -8.6870300000E+00  -5.8103300000E+00  -5.5652400000E+00  -2.9738800000E+00   1.6199300000E+00   3.6234400000E+00   7.4799700000E+00   1.0169940000E+01   1.0318080000E+01
117  -8.7613500000E+00  -5.6900600000E+00  -5.6563100000E+00  -2.8746000000E+00   1.4888200000E+00   3.6556000000E+00   7.5222200000E+00   9.9940900000E+00   1.0221280000E+01
118  -8.8353100000E+00  -5.8076800000E+00  -5.5014000000E+00  -2.7685000000E+00   1.3550800000E+00   3.6866700000E+00   7.5613700000E+00   9.6660200000E+00   1.0267210000E+01
119  -8.9080000000E+00  -5.9181000000E+00  -5.3460600000E+00  -2.6570600000E+00   1.2192100000E+00   3.7165400000E+00   7.5965500000E+00   9.3377800000E+00   1.0308080000E+01
120  -8.9786200000E+00  -6.0213100000E+00  -5.1908500000E+00  -2.5417600000E+00   1.0818000000E+00   3.7450900000E+00   7.6261900000E+00   9.0140600000E+00   1.0344260000E+01
121  -9.0464700000E+00  -6.1173300000E+00  -5.0363900000E+00  -2.4240400000E+00   9.4354000000E-01   3.7722100000E+00   7.6469000000E+00   8.7012800000E+00   1.0376110000E+01
122  -9.1109700000E+00  -6.2061500000E+00  -4.8834100000E+00  -2.3053100000E+00   8.0521000000E-01   3.7977900000E+00   7.6503400000E+00   8.4107900000E+00   1.0403970000E+01
123  -9.1716300000E+00  -6.2877800000E+00  -4.7327700000E+00  -2.1870300000E+00   6.6774000000E-01   3.8217300000E+00   7.6141000000E+00   8.1680100000E+00   1.0428190000E+01
124  -9.2280300000E+00  -6.3622400000E+00  -4.5854900000E+00  -2.0706600000E+00   5.3221000000E-01   3.8439300000E+00   7.4970700000E+00   8.0169600000E+00   1.0449080000E+01
125  -9.2798300000E+00  -6.4295500000E+00  -4.4427700000E+00  -1.9577600000E+00   3.9989000000E-01   3.8643100000E+00   7.3002200000E+00   7.9595500000E+00   1.0466970000E+01
126  -9.3267600000E+00  -6.4897100000E+00  -4.3060500000E+00  -1.8499200000E+00   2.7227000000E-01   3.8827700000E+00   7.0750500000E+00   7.9471200000E+00   1.0482140000E+01
127  -9.3685700000E+00  -6.5427400000E+00  -4.1770000000E+00  -1.7488100000E+00   1.5110000000E-01   3.8992600000E+00   6.8534300000E+00   7.9505900000E+00   1.0494850000E+01
128  -9.4051100000E+00  -6.5886600000E+00  -4.0576000000E+00  -1.6561800000E+00   3.8390000000E-02   3.9136800000E+00   6.6486300000E+00   7.9593800000E+00   1.0505360000E+01
129  -9.4362300000E+00  -6.6274900000E+00  -3.9500900000E+00  -1.5737900000E+00  -6.3550000000E-02   3.9259900000E+00   6.4673400000E+00   7.9694100000E+00   1.0513870000E+01
130  -9.4618100000E+00  -6.6592400000E+00  -3.8569500000E+00  -1.5033900000E+00  -1.5219000000E-01   3.9361400000E+00   6.3138400000E+00   7.9788500000E+00   1.0520580000E+01
131  -9.4817800000E+00  -6.6839200000E+00  -3.7807900000E+00  -1.4466200000E+00  -2.2490000000E-01   3.9440700000E+00   6.1912500000E+00   7.9868000000E+00   1.0525630000E+01
132  -9.4960900000E+00  -6.7015400000E+00  -3.7241400000E+00  -1.4049100000E+00  -2.7911000000E-01   3.9497700000E+00   6.1019600000E+00   7.9927400000E+00   1.0529150000E+01
133  -9.5046900000E+00  -6.7121100000E+00  -3.6891600000E+00  -1.3794000000E+00  -3.1263000000E-01   3.9531900000E+00   6.0476800000E+00   7.9964000000E+00   1.0531230000E+01
134  -9.5075500000E+00  -6.7156300000E+00  -3.6773200000E+00  -1.3708200000E+00  -3.2398000000E-01   3.9543400000E+00   6.0294600000E+00   7.9976300000E+00   1.0531920000E+01
135  -9.5077600000E+00  -6.7140000000E+00  -3.6878300000E+00  -1.3684200000E+00  -3.2517000000E-01   3.9358700000E+00   6.0327800000E+00   8.0092300000E+00   1.0549090000E+01
136  -9.5084300000E+00  -6.7090900000E+00  -3.7188900000E+00  -1.3615500000E+00  -3.2873000000E-01   3.8811500000E+00   6.0427000000E+00   8.0438900000E+00   1.0599860000E+01
137  -9.5096800000E+00  -6.7009300000E+00  -3.7691400000E+00  -1.3510700000E+00  -3.3462000000E-01   3.7921700000E+00   6.0592000000E+00   8.1012000000E+00   1.0682120000E+01
138  -9.5117200000E+00  -6.6895300000E+00  -3.8365300000E+00  -1.3382500000E+00  -3.4278000000E-01   3.6719200000E+00   6.0822100000E+00   8.1804700000E+00   1.0792690000E+01
139  -9.5148300000E+00  -6.6749200000E+00  -3.9185700000E+00  -1.3245500000E+00  -3.5315000000E-01   3.5239700000E+00   6.1116200000E+00   8.2807800000E+00   1.0927710000E+01
140  -9.5193800000E+00  -6.6571200000E+00  -4.0125200000E+00  -1.3113800000E+00  -3.6563000000E-01   3.3521800000E+00   6.1473300000E+00   8.4009800000E+00   1.1082970000E+01
141  -9.5258300000E+00  -6.6361700000E+00  -4.1155500000E+00  -1.3000200000E+00  -3.8011000000E-01   3.1603400000E+00   6.1891900000E+00   8.5397500000E+00   1.1254250000E+01
142  -9.5347000000E+00  -6.6121200000E+00  -4.2249000000E+00  -1.2915100000E+00  -3.9646000000E-01   2.9520200000E+00   6.2370500000E+00   8.6955600000E+00   1.1437490000E+01
143  -9.5465800000E+00  -6.5850200000E+00  -4.3379100000E+00  -1.2866200000E+00  -4.1455000000E-01   2.7304400000E+00   6.2907200000E+00   8.8668000000E+00   1.1628920000E+01
144  -9.5621500000E+00  -6.5549300000E+00  -4.4520800000E+00  -1.2858500000E+00  -4.3423000000E-01   2.4984500000E+00   6.3500200000E+00   9.0517300000E+00   1.1825080000E+01
145  -9.5821000000E+00  -6.5219100000E+00  -4.5650600000E+00  -1.2895100000E+00  -4.5535000000E-01   2.2585200000E+00   6.4147300000E+00   9.2485300000E+00   1.2022850000E+01
146  -9.6071700000E+00  -6.4860500000E+00  -4.6746800000E+00  -1.2976600000E+00  -4.7774000000E-01   2.0127900000E+00   6.4846500000E+00   9.4553300000E+00   1.2219410000E+01
147  -9.6380900000E+00  -6.4474200000E+00  -4.7789600000E+00  -1.3102500000E+00  -5.0125000000E-01   1.7630700000E+00   6.5595300000E+00   9.6702200000E+00   1.2412210000E+01
148  -9.6755400000E+00  -6.4061100000E+00  -4.8761300000E+00  -1.3270700000E+00  -5.2572000000E-01   1.5109300000E+00   6.6391500000E+00   9.8912800000E+00   1.2598950000E+01
149  -9.7201500000E+00  -6.3622300000E+00  -4.9646500000E+00  -1.3478100000E+00  -5.5099000000E-01   1.2577200000E+00   6.7232500000E+00   1.0116560000E+01   1.2777540000E+01
150  -9.7723900000E+00  -6.3158700000E+00  -5.0432400000E+00  -1.3720900000E+00  -5.7690000000E-01   1.0045800000E+00   6.8116000000E+00   1.0344130000E+01   1.2946100000E+01
151  -9.8326300000E+00  -6.2671500000E+00  -5.1109000000E+00  -1.3994700000E+00  -6.0330000000E-01   7.5251000000E-01   6.9039400000E+00   1.0572030000E+01   1.3102920000E+01
152  -9.9010100000E+00  -6.2161900000E+00  -5.1669500000E+00  -1.4294600000E+00  -6.3005000000E-01   5.0236000000E-01   7.0000000000E+00   1.0798360000E+01   1.3246460000E+01
153  -9.9775000000E+00  -6.1631300000E+00  -5.2109900000E+00  -1.4615400000E+00  -6.5700000000E-01   2.5489000000E-01   7.0995300000E+00   1.1021200000E+01   1.3375340000E+01
154  -1.0061860000E+01  -6.1080900000E+00  -5.2429600000E+00  -1.4951700000E+00  -6.8403000000E-01   1.0730000000E-02   7.2022600000E+00   1.1238660000E+01   1.3488350000E+01
155  -1.0153640000E+01  -6.0512400000E+00  -5.2630500000E+00  -1.5297900000E+00  -7.1100000000E-01  -2.2954000000E-01   7.3079100000E+00   1.1448890000E+01   1.3584420000E+01
156  -1.0252240000E+01  -5.9927100000E+00  -5.2717600000E+00  -1.5648300000E+00  -7.3781000000E-01  -4.6541000000E-01   7.4162200000E+00   1.1650050000E+01   1.3662670000E+01
157  -1.0356930000E+01  -5.9326900000E+00  -5.2697500000E+00  -1.5997000000E+00  -7.6434000000E-01  -6.9645000000E-01   7.5269000000E+00   1.1840360000E+01   1.3722360000E+01
158  -1.0466890000E+01  -5.8713200000E+00  -5.2579000000E+00  -1.6338000000E+00  -9.2225000000E-01  -7.9049000000E-01   7.6396600000E+00   1.2018100000E+01   1.3762950000E+01
159  -1.0581220000E+01  -5.8088000000E+00  -5.2372100000E+00  -1.6665600000E+00  -1.1424800000E+00  -8.1619000000E-01   7.7542100000E+00   1.2181590000E+01   1.3784060000E+01
160  -1.0699010000E+01  -5.7453200000E+00  -5.2087700000E+00  -1.6973600000E+00  -1.3568300000E+00  -8.4133000000E-01   7.8702500000E+00   1.2329270000E+01   1.3785520000E+01
161  -1.0819370000E+01  -5.6810500000E+00  -5.1737400000E+00  -1.7256400000E+00  -1.5650000000E+00  -8.6585000000E-01   7.9874800000E+00   1.2459640000E+01   1.3767330000E+01
162  -1.0941410000E+01  -5.6162100000E+00  -5.1333100000E+00  -1.7667600000E+00  -1.7508000000E+00  -8.8969000000E-01   8.1055700000E+00   1.2571360000E+01   1.3729700000E+01
163  -1.1064300000E+01  -5.5509900000E+00  -5.0886500000E+00  -1.9618900000E+00  -1.7722900000E+00  -9.1278000000E-01   8.2242100000E+00   1.2663190000E+01   1.3673050000E+01
164  -1.1187270000E+01  -5.4856200000E+00  -5.0409600000E+00  -2.1501900000E+00  -1.7895900000E+00  -9.3509000000E-01   8.3430600000E+00   1.2734100000E+01   1.3597960000E+01
165  -1.1309570000E+01  -5.4203100000E+00  -4.9913700000E+00  -2.3314800000E+00  -1.8022200000E+00  -9.5655000000E-01   8.4617800000E+00   1.2783240000E+01   1.3505260000E+01
166  -1.1430550000E+01  -5.3552800000E+00  -4.9409500000E+00  -2.5056200000E+00  -1.8097500000E+00  -9.7715000000E-01   8.5800100000E+00   1.2809970000E+01   1.3395950000E+01
167  -1.1549590000E+01  -5.2907500000E+00  -4.8907000000E+00  -2.6724700000E+00  -1.8118400000E+00  -9.9684000000E-01   8.6974000000E+00   1.2813910000E+01   1.3271210000E+01
168  -1.1666140000E+01  -5.2269600000E+00  -4.8415300000E+00  -2.8319200000E+00  -1.8082600000E+00  -1.0156200000E+00   8.8135600000E+00   1.2794990000E+01   1.3132410000E+01
169  -1.1779710000E+01  -5.1641400000E+00  -4.7942200000E+00  -2.9838700000E+00  -1.7988700000E+00  -1.0334600000E+00   8.9281100000E+00   1.2753410000E+01   1.2981080000E+01
170  -1.1889840000E+01  -5.1025100000E+00  -4.7494100000E+00  -3.1282400000E+00  -1.7837100000E+00  -1.0503500000E+00   9.0406600000E+00   1.2689710000E+01   1.2818900000E+01
171  -1.1996130000E+01  -5.0423100000E+00  -4.7076000000E+00  -3.2649800000E+00  -1.7629300000E+00  -1.0662800000E+00   9.1508200000E+00   1.2604800000E+01   1.2647680000E+01
172  -1.2098220000E+01  -4.9837800000E+00  -4.6691400000E+00  -3.3940400000E+00  -1.7368500000E+00  -1.0812600000E+00   9.2581700000E+00   1.2469360000E+01   1.2499940000E+01
173  -1.2195780000E+01  -4.9271300000E+00  -4.6342300000E+00  -3.5154000000E+00  -1.7059500000E+00  -1.0952800000E+00   9.3623000000E+00   1.2285940000E+01   1.2376780000E+01
174  -1.2288530000E+01  -4.8726000000E+00  -4.6029400000E+00  -3.6290400000E+00  -1.6708200000E+00  -1.1083500000E+00   9.4628100000E+00   1.2099520000E+01   1.2237320000E+01
175  -1.2376220000E+01  -4.8204000000E+00  -4.5752200000E+00  -3.7349600000E+00  -1.6322000000E+00  -1.1204900000E+00   9.5592700000E+00   1.1912220000E+01   1.2083950000E+01
176  -1.2458610000E+01  -4.7707400000E+00  -4.5509100000E+00  -3.8332000000E+00  -1.5909200000E+00  -1.1316900000E+00   9.6512800000E+00   1.1726180000E+01   1.1919390000E+01
177  -1.2535520000E+01  -4.7238500000E+00  -4.5298000000E+00  -3.9237800000E+00  -1.5478500000E+00  -1.1419800000E+00   9.7384200000E+00   1.1543550000E+01   1.1746670000E+01
178  -1.2606780000E+01  -4.6799000000E+00  -4.5116200000E+00  -4.0067400000E+00  -1.5039400000E+00  -1.1513600000E+00   9.8203100000E+00   1.1366430000E+01   1.1569080000E+01
179  -1.2672230000E+01  -4.6391000000E+00  -4.4960900000E+00  -4.0821500000E+00  -1.4601100000E+00  -1.1598600000E+00   9.8965600000E+00   1.1196870000E+01   1.1390120000E+01
180  -1.2731750000E+01  -4.6016100000E+00  -4.4829100000E+00  -4.1500600000E+00  -1.4172900000E+00  -1.1674900000E+00   9.9667900000E+00   1.1036840000E+01   1.1213420000E+01
181  -1.2785240000E+01  -4.5676000000E+00  -4.4718200000E+00  -4.2105400000E+00  -1.3763700000E+00  -1.1742600000E+00   1.0030670000E+01   1.0888180000E+01   1.1042670000E+01
182  -1.2832610000E+01  -4.5372300000E+00  -4.4625700000E+00  -4.2636800000E+00  -1.3381600000E+00  -1.1801900000E+00   1.0087850000E+01   1.0752640000E+01   1.0881520000E+01
183  -1.2873780000E+01  -4.5106200000E+00  -4.4549400000E+00  -4.3095400000E+00  -1.3034300000E+00  -1.1853000000E+00   1.0138060000E+01   1.0631790000E+01   1.0733520000E+01
184  -1.2908710000E+01  -4.4878900000E+00  -4.4487500000E+00  -4.3482000000E+00  -1.2728600000E+00  -1.1896000000E+00   1.0181010000E+01   1.0527040000E+01   1.0601970000E+01
185  -1.2937340000E+01  -4.4691600000E+00  -4.4438600000E+00  -4.3797300000E+00  -1.2470300000E+00  -1.1931000000E+00   1.0216480000E+01   1.0439610000E+01   1.0489880000E+01
186  -1.2959640000E+01  -4.4545000000E+00  -4.4401600000E+00  -4.4041800000E+00  -1.2264300000E+00  -1.1958100000E+00   1.0244280000E+01   1.0370520000E+01   1.0399840000E+01
187  -1.2975580000E+01  -4.4439800000E+00  -4.4375700000E+00  -4.4216100000E+00  -1.2114400000E+00  -1.1977400000E+00   1.0264250000E+01   1.0320590000E+01   1.0333950000E+01
188  -1.2985160000E+01  -4.4376400000E+00  -4.4360400000E+00  -4.4320500000E+00  -1.2023300000E+00  -1.1988900000E+00   1.0276270000E+01   1.0290390000E+01   1.0293780000E+01
189  -1.2988350000E+01  -4.4355300000E+00  -4.4355300000E+00  -4.4355300000E+00  -1.1992800000E+00  -1.1992800000E+00   1.0280290000E+01   1.0280290000E+01   1.0280290000E+01
190  -1.2985120000E+01  -4.4371300000E+00  -4.4371300000E+00  -4.4314700000E+00  -1.2006300000E+00  -1.2006300000E+00   1.0280990000E+01   1.0280990000E+01   1.0298680000E+01
191  -1.2975450000E+01  -4.4419200000E+00  -4.4419200000E+00  -4.4192800000E+00  -1.2046400000E+00  -1.2046400000E+00   1.0283070000E+01   1.0283070000E+01   1.0353410000E+01
192  -1.2959330000E+01  -4.4499500000E+00  -4.4499500000E+00  -4.3988900000E+00  -1.2112000000E+00  -1.2112000000E+00   1.0286490000E+01   1.0286490000E+01   1.0443130000E+01
193  -1.2936780000E+01  -4.4612500000E+00  -4.4612500000E+00  -4.3702100000E+00  -1.2201500000E+00  -1.2201500000E+00   1.0291170000E+01   1.0291170000E+01   1.0565650000E+01
194  -1.2907830000E+01  -4.4758800000E+00  -4.4758800000E+00  -4.3331200000E+00  -1.2312300000E+00  -1.2312300000E+00   1.0297010000E+01   1.0297010000E+01   1.0718000000E+01
195  -1.2872500000E+01  -4.4939000000E+00  -4.4939000000E+00  -4.2874900000E+00  -1.2441700000E+00  -1.2441700000E+00   1.0303870000E+01   1.0303870000E+01   1.0896530000E+01
196  -1.2830830000E+01  -4.5154000000E+00  -4.5154000000E+00  -4.2331500000E+00  -1.2586000000E+00  -1.2586000000E+00   1.0311620000E+01   1.0311620000E+01   1.1096990000E+01
197  -1.2782890000E+01  -4.5404400000E+00  -4.5404400000E+00  -4.1699400000E+00  -1.2741300000E+00  -1.2741300000E+00   1.0320090000E+01   1.0320090000E+01   1.1314700000E+01
198  -1.2728720000E+01  -4.5691100000E+00  -4.5691100000E+00  -4.0977200000E+00  -1.2903500000E+00  -1.2903500000E+00   1.0329090000E+01   1.0329090000E+01   1.1544660000E+01
199  -1.2668410000E+01  -4.6014600000E+00  -4.6014600000E+00  -4.0163200000E+00  -1.3068100000E+00  -1.3068100000E+00   1.0338440000E+01   1.0338440000E+01   1.1781660000E+01
200  -1.2602050000E+01  -4.6375600000E+00  -4.6375600000E+00  -3.9256200000E+00  -1.3230600000E+00  -1.3230600000E+00   1.0347930000E+01   1.0347930000E+01   1.2020460000E+01
201  -1.2529730000E+01  -4.6774200000E+00  -4.6774200000E+00  -3.8254900000E+00  -1.3386300000E+00  -1.3386300000E+00   1.0357380000E+01   1.0357380000E+01   1.2255880000E+01
202  -1.2451580000E+01  -4.7210500000E+00  -4.7210500000E+00  -3.7158300000E+00  -1.3530900000E+00  -1.3530900000E+00   1.0366590000E+01   1.0366590000E+01   1.2482930000E+01
203  -1.2367720000E+01  -4.7684100000E+00  -4.7684100000E+00  -3.5965600000E+00  -1.3660200000E+00  -1.3660200000E+00   1.0375380000E+01   1.0375380000E+01   1.2696920000E+01
204  -1.2278300000E+01  -4.8194200000E+00  -4.8194200000E+00  -3.4676200000E+00  -1.3770300000E+00  -1.3770300000E+00   1.0383570000E+01   1.0383570000E+01   1.2893520000E+01
205  -1.2183470000E+01  -4.8739600000E+00  -4.8739600000E+00  -3.3289700000E+00  -1.3858000000E+00  -1.3858000000E+00   1.0390990000E+01   1.0390990000E+01   1.3068850000E+01
206  -1.2083390000E+01  -4.9318900000E+00  -4.9318900000E+00  -3.1805900000E+00  -1.3920100000E+00  -1.3920100000E+00   1.0397500000E+01   1.0397500000E+01   1.3219550000E+01
207  -1.1978230000E+01  -4.9929800000E+00  -4.9929800000E+00  -3.0224800000E+00  -1.3954300000E+00  -1.3954300000E+00   1.0402960000E+01   1.0402960000E+01   1.3342780000E+01
208  -1.1868170000E+01  -5.0569900000E+00  -5.0569900000E+00  -2.8546700000E+00  -1.3958800000E+00  -1.3958800000E+00   1.0407260000E+01   1.0407260000E+01   1.3436240000E+01
209  -1.1753410000E+01  -5.1236300000E+00  -5.1236300000E+00  -2.6771900000E+00  -1.3932100000E+00  -1.3932100000E+00   1.0410290000E+01   1.0410290000E+01   1.3498200000E+01
210  -1.1634130000E+01  -5.1925900000E+00  -5.1925900000E+00  -2.4901100000E+00  -1.3873400000E+00  -1.3873400000E+00   1.0411980000E+01   1.0411980000E+01   1.3527460000E+01
211  -1.1510540000E+01  -5.2635100000E+00  -5.2635100000E+00  -2.2935300000E+00  -1.3782600000E+00  -1.3782600000E+00   1.0412270000E+01   1.0412270000E+01   1.3523340000E+01
212  -1.1382830000E+01  -5.3360300000E+00  -5.3360300000E+00  -2.0875600000E+00  -1.3659600000E+00  -1.3659600000E+00   1.0411110000E+01   1.0411110000E+01   1.3485640000E+01
213  -1.1251220000E+01  -5.4097500000E+00  -5.4097500000E+00  -1.8723400000E+00  -1.3505100000E+00  -1.3505100000E+00   1.0408470000E+01   1.0408470000E+01   1.3414600000E+01
214  -1.1115900000E+01  -5.4842800000E+00  -5.4842800000E+00  -1.6480300000E+00  -1.3320000000E+00  -1.3320000000E+00   1.0404360000E+01   1.0404360000E+01   1.3310880000E+01
215  -1.0977110000E+01  -5.5592200000E+00  -5.5592200000E+00  -1.4148300000E+00  -1.3105500000E+00  -1.3105500000E+00   1.0398760000E+01   1.0398760000E+01   1.3175460000E+01
216  -1.0835040000E+01  -5.6341900000E+00  -5.6341900000E+00  -1.2863200000E+00  -1.2863200000E+00  -1.1729700000E+00   1.0391690000E+01   1.0391690000E+01   1.3009620000E+01
217  -1.0689930000E+01  -5.7087900000E+00  -5.7087900000E+00  -1.2594600000E+00  -1.2594600000E+00  -9.2269000000E-01   1.0383190000E+01   1.0383190000E+01   1.2814910000E+01
218  -1.0541990000E+01  -5.7826600000E+00  -5.7826600000E+00  -1.2301700000E+00  -1.2301700000E+00  -6.6430000000E-01   1.0373290000E+01   1.0373290000E+01   1.2593080000E+01
219  -1.0391450000E+01  -5.8554400000E+00  -5.8554400000E+00  -1.1986500000E+00  -1.1986500000E+00  -3.9812000000E-01   1.0362030000E+01   1.0362030000E+01   1.2346020000E+01
220  -1.0238540000E+01  -5.9267900000E+00  -5.9267900000E+00  -1.1651000000E+00  -1.1651000000E+00  -1.2451000000E-01   1.0349480000E+01   1.0349480000E+01   1.2075770000E+01
221  -1.0083500000E+01  -5.9964000000E+00  -5.9964000000E+00  -1.1297600000E+00  -1.1297600000E+00   1.5612000000E-01   1.0335680000E+01   1.0335680000E+01   1.1784440000E+01
222  -9.9265700000E+00  -6.0639800000E+00  -6.0639800000E+00  -1.0928400000E+00  -1.0928400000E+00   4.4331000000E-01   1.0320690000E+01   1.0320690000E+01   1.1474190000E+01
223  -9.7680100000E+00  -6.1292500000E+00  -6.1292500000E+00  -1.0545600000E+00  -1.0545600000E+00   7.3657000000E-01   1.0304580000E+01   1.0304580000E+01   1.1147220000E+01
224  -9.6080800000E+00  -6.1919800000E+00  -6.1919800000E+00  -1.0151500000E+00  -1.0151500000E+00   1.0353400000E+00   1.0287410000E+01   1.0287410000E+01   1.0805730000E+01
225  -9.4470500000E+00  -6.2519500000E+00  -6.2519500000E+00  -9.7484000000E-01  -9.7484000000E-01   1.3390100000E+00   1.0269240000E+01   1.0269240000E+01   1.0451940000E+01
226  -9.2852100000E+00  -6.3089600000E+00  -6.3089600000E+00  -9.3383000000E-01  -9.3383000000E-01   1.6469100000E+00   1.0088020000E+01   1.0250130000E+01   1.0250130000E+01
227  -9.1228700000E+00  -6.3628400000E+00  -6.3628400000E+00  -8.9236000000E-01  -8.9236000000E-01   1.9582700000E+00   9.7161500000E+00   1.0230120000E+01   1.0230120000E+01
228  -8.9603500000E+00  -6.4134500000E+00  -6.4134500000E+00  -8.5063000000E-01  -8.5063000000E-01   2.2722400000E+00   9.3385100000E+00   1.0209270000E+01   1.0209270000E+01
229  -8.7980000000E+00  -6.4606700000E+00  -6.4606700000E+00  -8.0885000000E-01  -8.0885000000E-01   2.5878500000E+00   8.9572900000E+00   1.0187620000E+01   1.0187620000E+01
230  -8.6361900000E+00  -6.5044000000E+00  -6.5044000000E+00  -7.6720000000E-01  -7.6720000000E-01   2.9039500000E+00   8.5747700000E+00   1.0165210000E+01   1.0165210000E+01
231  -8.4753200000E+00  -6.5445600000E+00  -6.5445600000E+00  -7.2587000000E-01  -7.2587000000E-01   3.2191200000E+00   8.1933600000E+00   1.0142060000E+01   1.0142060000E+01
232  -8.3158200000E+00  -6.5810900000E+00  -6.5810900000E+00  -6.8505000000E-01  -6.8505000000E-01   3.5315300000E+00   7.8158200000E+00   1.0118200000E+01   1.0118200000E+01
233  -8.1581600000E+00  -6.6139600000E+00  -6.6139600000E+00  -6.4490000000E-01  -6.4490000000E-01   3.8385400000E+00   7.4455900000E+00   1.0093650000E+01   1.0093650000E+01
234  -8.0028400000E+00  -6.6431600000E+00  -6.6431600000E+00  -6.0558000000E-01  -6.0558000000E-01   4.1360300000E+00   7.0875400000E+00   1.0068410000E+01   1.0068410000E+01
235  -7.8504000000E+00  -6.6686700000E+00  -6.6686700000E+00  -5.6722000000E-01  -5.6722000000E-01   4.4164600000E+00   6.7498500000E+00   1.0042490000E+01   1.0042490000E+01
236  -7.7014400000E+00  -6.6905400000E+00  -6.6905400000E+00  -5.2997000000E-01  -5.2997000000E-01   4.6642100000E+00   6.4487300000E+00   1.0015870000E+01   1.0015870000E+01
237  -7.5566000000E+00  -6.7087800000E+00  -6.7087800000E+00  -4.9395000000E-01  -4.9395000000E-01   4.8443100000E+00   6.2196800000E+00   9.9885600000E+00   9.9885600000E+00
238  -7.4165500000E+00  -6.7234600000E+00  -6.7234600000E+00  -4.5926000000E-01  -4.5926000000E-01   4.8946100000E+00   6.1253300000E+00   9.9605200000E+00   9.9605200000E+00
239  -7.2820300000E+00  -6.7346500000E+00  -6.7346500000E+00  -4.2601000000E-01  -4.2601000000E-01   4.7852000000E+00   6.1960300000E+00   9.9317600000E+00   9.9317600000E+00
240  -7.1538200000E+00  -6.7424300000E+00  -6.7424300000E+00  -3.9428000000E-01  -3.9428000000E-01   4.5734200000E+00   6.3748900000E+00   9.9022300000E+00   9.9022300000E+00
241  -7.0327300000E+00  -6.7468900000E+00  -6.7468900000E+00  -3.6416000000E-01  -3.6416000000E-01   4.3210400000E+00   6.6005000000E+00   9.8719200000E+00   9.8719200000E+00
242  -6.9196200000E+00  -6.7481600000E+00  -6.7481600000E+00  -3.3571000000E-01  -3.3571000000E-01   4.0586500000E+00   6.8426900000E+00   9.8408200000E+00   9.8408200000E+00
243  -6.8153400000E+00  -6.7463600000E+00  -6.7463600000E+00  -3.0899000000E-01  -3.0899000000E-01   3.7999700000E+00   7.0881100000E+00   9.8088900000E+00   9.8088900000E+00
244  -6.7416200000E+00  -6.7416200000E+00  -6.7207600000E+00  -2.8405000000E-01  -2.8405000000E-01   3.5519000000E+00   7.3302000000E+00   9.7761200000E+00   9.7761200000E+00
245  -6.7341000000E+00  -6.7341000000E+00  -6.6367300000E+00  -2.6094000000E-01  -2.6094000000E-01   3.3184500000E+00   7.5652800000E+00   9.7425000000E+00   9.7425000000E+00
246  -6.7239600000E+00  -6.7239600000E+00  -6.5640100000E+00  -2.3970000000E-01  -2.3970000000E-01   3.1022500000E+00   7.7910000000E+00   9.7080300000E+00   9.7080300000E+00
247  -6.7113700000E+00  -6.7113700000E+00  -6.5033000000E+00  -2.2036000000E-01  -2.2036000000E-01   2.9051200000E+00   8.0057400000E+00   9.6727200000E+00   9.6727200000E+00
248  -6.6965200000E+00  -6.6965200000E+00  -6.4551500000E+00  -2.0294000000E-01  -2.0294000000E-01   2.7283800000E+00   8.2083000000E+00   9.6365700000E+00   9.6365700000E+00
249  -6.6795900000E+00  -6.6795900000E+00  -6.4199500000E+00  -1.8749000000E-01  -1.8749000000E-01   2.5729600000E+00   8.3977800000E+00   9.5996100000E+00   9.5996100000E+00
250  -6.6607900000E+00  -6.6607900000E+00  -6.3978700000E+00  -1.7402000000E-01  -1.7402000000E-01   2.4393800000E+00   8.5734900000E+00   9.5618800000E+00   9.5618800000E+00
251  -6.6403200000E+00  -6.6403200000E+00  -6.3888600000E+00  -1.6256000000E-01  -1.6256000000E-01   2.3278700000E+00   8.7349500000E+00   9.5234400000E+00   9.5234400000E+00
252  -6.6184100000E+00  -6.6184100000E+00  -6.3926200000E+00  -1.5313000000E-01  -1.5313000000E-01   2.2382900000E+00   8.8818400000E+00   9.4843400000E+00   9.4843400000E+00
253  -6.5952600000E+00  -6.5952600000E+00  -6.4085900000E+00  -1.4576000000E-01  -1.4576000000E-01   2.1702100000E+00   9.0140100000E+00   9.4446700000E+00   9.4446700000E+00
254  -6.5711200000E+00  -6.5711200000E+00  -6.4359700000E+00  -1.4046000000E-01  -1.4046000000E-01   2.1229100000E+00   9.1314800000E+00   9.4045100000E+00   9.4045100000E+00
255  -6.5462200000E+00  -6.5462200000E+00  -6.4737600000E+00  -1.3727000000E-01  -1.3727000000E-01   2.0954000000E+00   9.2344200000E+00   9.3639700000E+00   9.3639700000E+00
256  -6.5207900000E+00  -6.5207900000E+00  -6.5207900000E+00  -1.3620000000E-01  -1.3620000000E-01   2.0865200000E+00   9.3231700000E+00   9.3231700000E+00   9.3231700000E+00
257  -6.5757600000E+00  -6.4950800000E+00  -6.4950800000E+00  -1.3728000000E-01  -1.3728000000E-01   2.0949400000E+00   9.2822100000E+00   9.2822100000E+00   9.3982200000E+00
258  -6.6372800000E+00  -6.4693300000E+00  -6.4693300000E+00  -1.4051000000E-01  -1.4051000000E-01   2.1192200000E+00   9.2412400000E+00   9.2412400000E+00   9.4602500000E+00
259  -6.7039700000E+00  -6.4438000000E+00  -6.4438000000E+00  -1.4591000000E-01  -1.4591000000E-01   2.1578900000E+00   9.2003700000E+00   9.2003700000E+00   9.5100600000E+00
260  -6.7744200000E+00  -6.4187400000E+00  -6.4187400000E+00  -1.5347000000E-01  -1.5347000000E-01   2.2094400000E+00   9.1597600000E+00   9.1597600000E+00   9.5486400000E+00
261  -6.8472800000E+00  -6.3944000000E+00  -6.3944000000E+00  -1.6319000000E-01  -1.6319000000E-01   2.2724300000E+00   9.1195100000E+00   9.1195100000E+00   9.5770900000E+00
262  -6.9212500000E+00  -6.3710400000E+00  -6.3710400000E+00  -1.7503000000E-01  -1.7503000000E-01   2.3454200000E+00   9.0797600000E+00   9.0797600000E+00   9.5966800000E+00
263  -6.9951400000E+00  -6.3489100000E+00  -6.3489100000E+00  -1.8896000000E-01  -1.8896000000E-01   2.4270900000E+00   9.0406100000E+00   9.0406100000E+00   9.6087800000E+00
264  -7.0678200000E+00  -6.3282800000E+00  -6.3282800000E+00  -2.0492000000E-01  -2.0492000000E-01   2.5161700000E+00   9.0021600000E+00   9.0021600000E+00   9.6149000000E+00
265  -7.1382800000E+00  -6.3094000000E+00  -6.3094000000E+00  -2.2280000000E-01  -2.2280000000E-01   2.6114900000E+00   8.9644800000E+00   8.9644800000E+00   9.6166500000E+00
266  -7.2056000000E+00  -6.2925400000E+00  -6.2925400000E+00  -2.4250000000E-01  -2.4250000000E-01   2.7119800000E+00   8.9276200000E+00   8.9276200000E+00   9.6156800000E+00
267  -7.2689600000E+00  -6.2779600000E+00  -6.2779600000E+00  -2.6386000000E-01  -2.6386000000E-01   2.8166600000E+00   8.8916000000E+00   8.8916000000E+00   9.6137600000E+00
268  -7.3276100000E+00  -6.2659100000E+00  -6.2659100000E+00  -2.8671000000E-01  -2.8671000000E-01   2.9246300000E+00   8.8564200000E+00   8.8564200000E+00   9.6126600000E+00
269  -7.3808800000E+00  -6.2566400000E+00  -6.2566400000E+00  -3.1083000000E-01  -3.1083000000E-01   3.0350700000E+00   8.8220300000E+00   8.8220300000E+00   9.6141700000E+00
270  -7.4282000000E+00  -6.2504200000E+00  -6.2504200000E+00  -3.3597000000E-01  -3.3597000000E-01   3.1472700000E+00   8.7883500000E+00   8.7883500000E+00   9.6200800000E+00
271  -7.4690300000E+00  -6.2475000000E+00  -6.2475000000E+00  -3.6184000000E-01  -3.6184000000E-01   3.2605600000E+00   8.7552800000E+00   8.7552800000E+00   9.6321100000E+00
272  -7.5029000000E+00  -6.2481000000E+00  -6.2481000000E+00  -3.8812000000E-01  -3.8812000000E-01   3.3743700000E+00   8.7226600000E+00   8.7226600000E+00   9.6519400000E+00
273  -7.5293800000E+00  -6.2524700000E+00  -6.2524700000E+00  -4.1446000000E-01  -4.1446000000E-01   3.4881900000E+00   8.6903000000E+00   8.6903000000E+00   9.6811000000E+00
274  -7.5480900000E+00  -6.2608200000E+00  -6.2608200000E+00  -4.4047000000E-01  -4.4047000000E-01   3.6015700000E+00   8.6579800000E+00   8.6579800000E+00   9.7210100000E+00
275  -7.5586800000E+00  -6.2733600000E+00  -6.2733600000E+00  -4.6575000000E-01  -4.6575000000E-01   3.7141300000E+00   8.6254600000E+00   8.6254600000E+00   9.7728900000E+00
276  -7.5608100000E+00  -6.2902700000E+00  -6.2902700000E+00  -4.8989000000E-01  -4.8989000000E-01   3.8255400000E+00   8.5924500000E+00   8.5924500000E+00   9.8377600000E+00
277  -7.5541700000E+00  -6.3117100000E+00  -6.3117100000E+00  -5.1243000000E-01  -5.1243000000E-01   3.9355400000E+00   8.5586400000E+00   8.5586400000E+00   9.9163900000E+00
278  -7.5384800000E+00  -6.3378000000E+00  -6.3378000000E+00  -5.3296000000E-01  -5.3296000000E-01   4.0439000000E+00   8.5237000000E+00   8.5237000000E+00   1.0009280000E+01
279  -7.5134500000E+00  -6.3686600000E+00  -6.3686600000E+00  -5.5102000000E-01  -5.5102000000E-01   4.1504400000E+00   8.4872800000E+00   8.4872800000E+00   1.0116620000E+01
280  -7.4788400000E+00  -6.4043400000E+00  -6.4043400000E+00  -5.6620000000E-01  -5.6620000000E-01   4.2550400000E+00   8.4490400000E+00   8.4490400000E+00   1.0238280000E+01
281  -7.4343700000E+00  -6.4448700000E+00  -6.4448700000E+00  -5.7810000000E-01  -5.7810000000E-01   4.3575700000E+00   8.4086200000E+00   8.4086200000E+00   1.0373810000E+01
282  -7.3798200000E+00  -6.4902200000E+00  -6.4902200000E+00  -5.8633000000E-01  -5.8633000000E-01   4.4579800000E+00   8.3656400000E+00   8.3656400000E+00   1.0522410000E+01
283  -7.3149700000E+00  -6.5403200000E+00  -6.5403200000E+00  -5.9055000000E-01  -5.9055000000E-01   4.5561800000E+00   8.3197600000E+00   8.3197600000E+00   1.0682930000E+01
284  -7.2395900000E+00  -6.5950800000E+00  -6.5950800000E+00  -5.9043000000E-01  -5.9043000000E-01   4.6521300000E+00   8.2706300000E+00   8.2706300000E+00   1.0853880000E+01
285  -7.1535000000E+00  -6.6543200000E+00  -6.6543200000E+00  -5.8572000000E-01  -5.8572000000E-01   4.7457700000E+00   8.2179200000E+00   8.2179200000E+00   1.1033460000E+01
286  -7.0565200000E+00  -6.7178500000E+00  -6.7178500000E+00  -5.7617000000E-01  -5.7617000000E-01   4.8370500000E+00   8.1613200000E+00   8.1613200000E+00   1.1219570000E+01
287  -6.9485100000E+00  -6.7854300000E+00  -6.7854300000E+00  -5.6159000000E-01  -5.6159000000E-01   4.9259200000E+00   8.1005500000E+00   8.1005500000E+00   1.1409850000E+01
288  -6.8567700000E+00  -6.8567700000E+00  -6.8293300000E+00  -5.4184000000E-01  -5.4184000000E-01   5.0122900000E+00   8.0353500000E+00   8.0353500000E+00   1.1601710000E+01
289  -6.9315600000E+00  -6.9315600000E+00  -6.6988900000E+00  -5.1679000000E-01  -5.1679000000E-01   5.0960900000E+00   7.9654900000E+00   7.9654900000E+00   1.1792390000E+01
290  -7.0094500000E+00  -7.0094500000E+00  -6.5571200000E+00  -4.8638000000E-01  -4.8638000000E-01   5.1772100000E+00   7.8907700000E+00   7.8907700000E+00   1.1979020000E+01
291  -7.0900800000E+00  -7.0900800000E+00  -6.4039600000E+00  -4.5057000000E-01  -4.5057000000E-01   5.2555300000E+00   7.8110500000E+00   7.8110500000E+00   1.2158660000E+01
292  -7.1730500000E+00  -7.1730500000E+00  -6.2394200000E+00  -4.0935000000E-01  -4.0935000000E-01   5.3309000000E+00   7.7261900000E+00   7.7261900000E+00   1.2328410000E+01
293  -7.2579600000E+00  -7.2579600000E+00  -6.0635000000E+00  -3.6272000000E-01  -3.6272000000E-01   5.4031700000E+00   7.6361100000E+00   7.6361100000E+00   1.2485430000E+01
294  -7.3444100000E+00  -7.3444100000E+00  -5.8762600000E+00  -3.1073000000E-01  -3.1073000000E-01   5.4721500000E+00   7.5407700000E+00   7.5407700000E+00   1.2627040000E+01
295  -7.4319900000E+00  -7.4319900000E+00  -5.6777600000E+00  -2.5344000000E-01  -2.5344000000E-01   5.5376000000E+00   7.4401700000E+00   7.4401700000E+00   1.2750770000E+01
296  -7.5202700000E+00  -7.5202700000E+00  -5.4681200000E+00  -1.9092000000E-01  -1.9092000000E-01   5.5992900000E+00   7.3343200000E+00   7.3343200000E+00   1.2854420000E+01
297  -7.6088600000E+00  -7.6088600000E+00  -5.2474600000E+00  -1.2325000000E-01  -1.2325000000E-01   5.6569100000E+00   7.2232900000E+00   7.2232900000E+00   1.2936140000E+01
298  -7.6973600000E+00  -7.6973600000E+00  -5.0159400000E+00  -5.0540000000E-02  -5.0540000000E-02   5.7101400000E+00   7.1071900000E+00   7.1071900000E+00   1.2994440000E+01
299  -7.7853700000E+00  -7.7853700000E+00  -4.7737600000E+00   2.7120000000E-02   2.7120000000E-02   5.7586000000E+00   6.9861500000E+00   6.9861500000E+00   1.3028230000E+01
300  -7.8725300000E+00  -7.8725300000E+00  -4.5211200000E+00   1.0961000000E-01   1.0961000000E-01   5.8018400000E+00   6.8603200000E+00   6.8603200000E+00   1.3036880000E+01
301  -7.9584700000E+00  -7.9584700000E+00  -4.2582700000E+00   1.9681000000E-01   1.9681000000E-01   5.8393600000E+00   6.7299200000E+00   6.7299200000E+00   1.3020190000E+01
302  -8.0428500000E+00  -8.0428500000E+00  -3.9854700000E+00   2.8859000000E-01   2.8859000000E-01   5.8705900000E+00   6.5951600000E+00   6.5951600000E+00   1.2978450000E+01
303  -8.1253400000E+00  -8.1253400000E+00  -3.7030200000E+00   3.8484000000E-01   3.8484000000E-01   5.8948400000E+00   6.4562800000E+00   6.4562800000E+00   1.2912380000E+01
304  -8.2056400000E+00  -8.2056400000E+00  -3.4112500000E+00   4.8542000000E-01   4.8542000000E-01   5.9113600000E+00   6.3135600000E+00   6.3135600000E+00   1.2823180000E+01
305  -8.2834500000E+00  -8.2834500000E+00  -3.1105200000E+00   5.9018000000E-01   5.9018000000E-01   5.9192600000E+00   6.1673000000E+00   6.1673000000E+00   1.2712470000E+01
306  -8.3585000000E+00  -8.3585000000E+00  -2.8012300000E+00   6.9898000000E-01   6.9898000000E-01   5.9175400000E+00   6.0177900000E+00   6.0177900000E+00   1.2582300000E+01
307  -8.4305300000E+00  -8.4305300000E+00  -2.4838300000E+00   8.1167000000E-01   8.1167000000E-01   5.8653800000E+00   5.8653800000E+00   5.9050500000E+00   1.2435120000E+01
308  -8.4993000000E+00  -8.4993000000E+00  -2.1588100000E+00   9.2808000000E-01   9.2808000000E-01   5.7104200000E+00   5.7104200000E+00   5.8805100000E+00   1.2273730000E+01
309  -8.5646100000E+00  -8.5646100000E+00  -1.8267200000E+00   1.0480300000E+00   1.0480300000E+00   5.5532800000E+00   5.5532800000E+00   5.8425200000E+00   1.2101290000E+01
310  -8.6262400000E+00  -8.6262400000E+00  -1.4881600000E+00   1.1713000000E+00   1.1713000000E+00   5.3943500000E+00   5.3943500000E+00   5.7895400000E+00   1.1921220000E+01
311  -8.6840100000E+00  -8.6840100000E+00  -1.1438400000E+00   1.2976600000E+00   1.2976600000E+00   5.2340600000E+00   5.2340600000E+00   5.7199500000E+00   1.1737160000E+01
312  -8.7377600000E+00  -8.7377600000E+00  -7.9452000000E-01   1.4268500000E+00   1.4268500000E+00   5.0728800000E+00   5.0728800000E+00   5.6321600000E+00   1.1552880000E+01
313  -8.7873200000E+00  -8.7873200000E+00  -4.4111000000E-01   1.5585200000E+00   1.5585200000E+00   4.9113100000E+00   4.9113100000E+00   5.5246200000E+00   1.1372170000E+01
314  -8.8325600000E+00  -8.8325600000E+00  -8.4650000000E-02   1.6922500000E+00   1.6922500000E+00   4.7499600000E+00   4.7499600000E+00   5.3960400000E+00   1.1198710000E+01
315  -8.8733600000E+00  -8.8733600000E+00   2.7364000000E-01   1.8274900000E+00   1.8274900000E+00   4.5895300000E+00   4.5895300000E+00   5.2454800000E+00   1.1035910000E+01
316  -8.9096100000E+00  -8.9096100000E+00   6.3230000000E-01   1.9634700000E+00   1.9634700000E+00   4.4309500000E+00   4.4309500000E+00   5.0725700000E+00   1.0886810000E+01
317  -8.9412100000E+00  -8.9412100000E+00   9.8947000000E-01   2.0990900000E+00   2.0990900000E+00   4.2754500000E+00   4.2754500000E+00   4.8777300000E+00   1.0753920000E+01
318  -8.9680900000E+00  -8.9680900000E+00   1.3426900000E+00   2.2326700000E+00   2.2326700000E+00   4.1248400000E+00   4.1248400000E+00   4.6624100000E+00   1.0639210000E+01
319  -8.9901700000E+00  -8.9901700000E+00   1.6884000000E+00   2.3614700000E+00   2.3614700000E+00   3.9819500000E+00   3.9819500000E+00   4.4296200000E+00   1.0544110000E+01
320  -9.0074000000E+00  -9.0074000000E+00   2.0205400000E+00   2.4809100000E+00   2.4809100000E+00   3.8514600000E+00   3.8514600000E+00   4.1851700000E+00   1.0469520000E+01
321  -9.0197400000E+00  -9.0197400000E+00   2.3266200000E+00   2.5830700000E+00   2.5830700000E+00   3.7413700000E+00   3.7413700000E+00   3.9415700000E+00   1.0416000000E+01
322  -9.0271500000E+00  -9.0271500000E+00   2.5744500000E+00   2.6552300000E+00   2.6552300000E+00   3.6644200000E+00   3.6644200000E+00   3.7311500000E+00   1.0383820000E+01
323  -9.0296300000E+00  -9.0296300000E+00   2.6819100000E+00   2.6819100000E+00   2.6819100000E+00   3.6361400000E+00   3.6361400000E+00   3.6361400000E+00   1.0373080000E+01
324  -6.5207900000E+00  -6.5207900000E+00  -6.5207900000E+00  -1.3620000000E-01  -1.3620000000E-01   2.0865200000E+00   9.3231700000E+00   9.3231700000E+00   9.3231700000E+00
325  -6.5641700000E+00  -6.5281600000E+00  -6.4738500000E+00  -1.3811000000E-01  -1.3653000000E-01   2.0954900000E+00   9.2446500000E+00   9.3288700000E+00   9.3887200000E+00
326  -6.6040400000E+00  -6.5501300000E+00  -6.4233200000E+00  -1.4388000000E-01  -1.3749000000E-01   2.1223500000E+00   9.1536800000E+00   9.3458800000E+00   9.4408700000E+00
327  -6.6404500000E+00  -6.5862700000E+00  -6.3691900000E+00  -1.5368000000E-01  -1.3909000000E-01   2.1670100000E+00   9.0508100000E+00   9.3739200000E+00   9.4792200000E+00
328  -6.6734600000E+00  -6.6359200000E+00  -6.3114500000E+00  -1.6773000000E-01  -1.4131000000E-01   2.2292900000E+00   8.9366600000E+00   9.4125100000E+00   9.5034600000E+00
329  -6.7031500000E+00  -6.6981900000E+00  -6.2501100000E+00  -1.8623000000E-01  -1.4415000000E-01   2.3088300000E+00   8.8118600000E+00   9.4610100000E+00   9.5133700000E+00
330  -6.7720300000E+00  -6.7296100000E+00  -6.1852000000E+00  -2.0932000000E-01  -1.4757000000E-01   2.4051700000E+00   8.6770900000E+00   9.5087900000E+00   9.5186200000E+00
331  -6.8562700000E+00  -6.7529300000E+00  -6.1167600000E+00  -2.3701000000E-01  -1.5156000000E-01   2.5176100000E+00   8.5330400000E+00   9.4896700000E+00   9.5844000000E+00
332  -6.9496600000E+00  -6.7732200000E+00  -6.0448300000E+00  -2.6920000000E-01  -1.5608000000E-01   2.6453400000E+00   8.3804300000E+00   9.4560800000E+00   9.6573200000E+00
333  -7.0509400000E+00  -6.7906000000E+00  -5.9695100000E+00  -3.0563000000E-01  -1.6112000000E-01   2.7873700000E+00   8.2200200000E+00   9.4081500000E+00   9.7362300000E+00
334  -7.1588500000E+00  -6.8051700000E+00  -5.8908700000E+00  -3.4594000000E-01  -1.6662000000E-01   2.9426300000E+00   8.0525600000E+00   9.3461800000E+00   9.8199100000E+00
335  -7.2721300000E+00  -6.8170900000E+00  -5.8090400000E+00  -3.8969000000E-01  -1.7256000000E-01   3.1099900000E+00   7.8788100000E+00   9.2705300000E+00   9.9071000000E+00
336  -7.3896200000E+00  -6.8264800000E+00  -5.7241400000E+00  -4.3636000000E-01  -1.7889000000E-01   3.2882900000E+00   7.6995600000E+00   9.1817300000E+00   9.9965100000E+00
337  -7.5101800000E+00  -6.8334900000E+00  -5.6363300000E+00  -4.8544000000E-01  -1.8557000000E-01   3.4763400000E+00   7.5155900000E+00   9.0803800000E+00   1.0086820000E+01
338  -7.6327600000E+00  -6.8382700000E+00  -5.5457900000E+00  -5.3637000000E-01  -1.9256000000E-01   3.6730200000E+00   7.3277000000E+00   8.9672500000E+00   1.0176730000E+01
339  -7.7563800000E+00  -6.8409800000E+00  -5.4527300000E+00  -5.8862000000E-01  -1.9980000000E-01   3.8771900000E+00   7.1366900000E+00   8.8432000000E+00   1.0264970000E+01
340  -7.8801300000E+00  -6.8417900000E+00  -5.3573900000E+00  -6.4168000000E-01  -2.0725000000E-01   4.0877800000E+00   6.9433800000E+00   8.7092100000E+00   1.0350290000E+01
341  -8.0031700000E+00  -6.8408500000E+00  -5.2600300000E+00  -6.9507000000E-01  -2.1485000000E-01   4.3037300000E+00   6.7485800000E+00   8.5663800000E+00   1.0431520000E+01
342  -8.1247300000E+00  -6.8383300000E+00  -5.1609600000E+00  -7.4834000000E-01  -2.2255000000E-01   4.5240400000E+00   6.5531300000E+00   8.4159100000E+00   1.0507530000E+01
343  -8.2441200000E+00  -6.8344200000E+00  -5.0605200000E+00  -8.0108000000E-01  -2.3031000000E-01   4.7477100000E+00   6.3578800000E+00   8.2590900000E+00   1.0577300000E+01
344  -8.3606700000E+00  -6.8292900000E+00  -4.9590900000E+00  -8.5289000000E-01  -2.3806000000E-01   4.9737500000E+00   6.1636800000E+00   8.0973000000E+00   1.0639890000E+01
345  -8.4738200000E+00  -6.8231100000E+00  -4.8570900000E+00  -9.0346000000E-01  -2.4576000000E-01   5.2012100000E+00   5.9714200000E+00   7.9320000000E+00   1.0694490000E+01
346  -8.5830000000E+00  -6.8160600000E+00  -4.7550100000E+00  -9.5245000000E-01  -2.5334000000E-01   5.4291100000E+00   5.7819900000E+00   7.7647100000E+00   1.0740400000E+01
347  -8.6877500000E+00  -6.8083200000E+00  -4.6533600000E+00  -9.9960000000E-01  -2.6077000000E-01   5.5963300000E+00   5.6564600000E+00   7.5969700000E+00   1.0777070000E+01
348  -8.7876100000E+00  -6.8000600000E+00  -4.5527200000E+00  -1.0446600000E+00  -2.6799000000E-01   5.4153900000E+00   5.8822200000E+00   7.4303900000E+00   1.0804120000E+01
349  -8.8821800000E+00  -6.7914600000E+00  -4.4537300000E+00  -1.0874100000E+00  -2.7494000000E-01   5.2401400000E+00   6.1053200000E+00   7.2665700000E+00   1.0821330000E+01
350  -8.9710900000E+00  -6.7826800000E+00  -4.3570700000E+00  -1.1276600000E+00  -2.8160000000E-01   5.0716100000E+00   6.3246000000E+00   7.1071000000E+00   1.0828680000E+01
351  -9.0540200000E+00  -6.7739000000E+00  -4.2635000000E+00  -1.1652300000E+00  -2.8789000000E-01   4.9108400000E+00   6.5388100000E+00   6.9535500000E+00   1.0826370000E+01
352  -9.1306800000E+00  -6.7652700000E+00  -4.1738000000E+00  -1.1999700000E+00  -2.9380000000E-01   4.7588900000E+00   6.7465700000E+00   6.8074500000E+00   1.0814860000E+01
353  -9.2007800000E+00  -6.7569500000E+00  -4.0888300000E+00  -1.2317600000E+00  -2.9927000000E-01   4.6168600000E+00   6.6702900000E+00   6.9463200000E+00   1.0794880000E+01
354  -9.2641200000E+00  -6.7490700000E+00  -4.0094600000E+00  -1.2604800000E+00  -3.0426000000E-01   4.4858500000E+00   6.5434400000E+00   7.1362900000E+00   1.0767490000E+01
355  -9.3204700000E+00  -6.7417800000E+00  -3.9366000000E+00  -1.2860300000E+00  -3.0876000000E-01   4.3669600000E+00   6.4282200000E+00   7.3144300000E+00   1.0734110000E+01
356  -9.3696600000E+00  -6.7352000000E+00  -3.8711400000E+00  -1.3083300000E+00  -3.1271000000E-01   4.2612600000E+00   6.3258100000E+00   7.4783800000E+00   1.0696570000E+01
357  -9.4115300000E+00  -6.7294300000E+00  -3.8139500000E+00  -1.3273100000E+00  -3.1611000000E-01   4.1697700000E+00   6.2372600000E+00   7.6254500000E+00   1.0657170000E+01
358  -9.4459600000E+00  -6.7245700000E+00  -3.7658700000E+00  -1.3429100000E+00  -3.1892000000E-01   4.0934600000E+00   6.1635100000E+00   7.7525600000E+00   1.0618600000E+01
359  -9.4728500000E+00  -6.7207100000E+00  -3.7276300000E+00  -1.3551000000E+00  -3.2112000000E-01   4.0331500000E+00   6.1053300000E+00   7.8564200000E+00   1.0583880000E+01
360  -9.4921100000E+00  -6.7179100000E+00  -3.6998500000E+00  -1.3638200000E+00  -3.2271000000E-01   3.9895500000E+00   6.0633300000E+00   7.9337000000E+00   1.0556130000E+01
361  -9.5036900000E+00  -6.7162000000E+00  -3.6829800000E+00  -1.3690700000E+00  -3.2366000000E-01   3.9631700000E+00   6.0379500000E+00   7.9814600000E+00   1.0538150000E+01
362  -9.5075500000E+00  -6.7156300000E+00  -3.6773200000E+00  -1.3708200000E+00  -3.2398000000E-01   3.9543400000E+00   6.0294600000E+00   7.9976300000E+00   1.0531920000E+01
