-73.742 -37.399 -37.399 -37.399 -8.938 -0.569 -0.569 -0.569 2.475 2.475 12.716 17.802
-73.742 -37.4 -37.399 -37.399 -8.934 -0.573 -0.567 -0.567 2.471 2.477 12.724 17.802
-73.742 -37.402 -37.4 -37.4 -8.922 -0.585 -0.56 -0.56 2.456 2.481 12.748 17.759
-73.741 -37.406 -37.401 -37.401 -8.902 -0.606 -0.548 -0.548 2.431 2.488 12.789 17.698
-73.741 -37.412 -37.403 -37.403 -8.874 -0.634 -0.531 -0.531 2.396 2.497 12.845 17.622
-73.74 -37.419 -37.406 -37.406 -8.838 -0.67 -0.51 -0.51 2.352 2.509 12.917 17.534
-73.739 -37.427 -37.409 -37.409 -8.794 -0.713 -0.483 -0.483 2.299 2.524 13.005 17.44
-73.738 -37.437 -37.413 -37.413 -8.742 -0.763 -0.453 -0.453 2.237 2.541 13.108 17.342
-73.736 -37.448 -37.417 -37.417 -8.683 -0.82 -0.417 -0.417 2.167 2.561 13.225 17.243
-73.735 -37.461 -37.421 -37.421 -8.617 -0.883 -0.377 -0.377 2.088 2.584 13.357 17.147
-73.733 -37.475 -37.426 -37.426 -8.543 -0.952 -0.331 -0.331 2.003 2.609 13.502 17.057
-73.732 -37.49 -37.432 -37.432 -8.462 -1.026 -0.282 -0.282 1.91 2.636 13.66 16.973
-73.73 -37.506 -37.438 -37.438 -8.373 -1.104 -0.227 -0.227 1.811 2.666 13.831 16.896
-73.728 -37.523 -37.444 -37.444 -8.278 -1.187 -0.168 -0.168 1.706 2.699 14.014 16.828
-73.725 -37.542 -37.451 -37.451 -8.177 -1.274 -0.104 -0.104 1.597 2.734 14.209 16.769
-73.723 -37.562 -37.458 -37.458 -8.069 -1.365 -0.036 -0.036 1.482 2.77 14.415 16.72
-73.721 -37.582 -37.465 -37.465 -7.956 -1.458 0.037 0.037 1.365 2.81 14.631 16.681
-73.718 -37.604 -37.473 -37.473 -7.837 -1.553 0.115 0.115 1.244 2.851 14.858 16.652
-73.715 -37.626 -37.482 -37.482 -7.712 -1.651 0.197 0.197 1.122 2.895 15.094 16.633
-73.713 -37.649 -37.49 -37.49 -7.583 -1.751 0.283 0.283 0.999 2.94 15.339 16.624
-73.71 -37.673 -37.499 -37.499 -7.45 -1.851 0.374 0.374 0.875 2.988 15.592 16.626
-73.707 -37.697 -37.508 -37.508 -7.313 -1.953 0.469 0.469 0.752 3.037 15.853 16.636
-73.704 -37.722 -37.517 -37.517 -7.172 -2.055 0.569 0.569 0.632 3.088 16.122 16.657
-73.701 -37.748 -37.527 -37.527 -7.029 -2.157 0.673 0.673 0.514 3.141 16.398 16.686
-73.698 -37.773 -37.536 -37.536 -6.885 -2.26 0.781 0.781 0.399 3.195 16.681 16.724
-73.694 -37.799 -37.546 -37.546 -6.739 -2.362 0.894 0.894 0.29 3.251 16.969 16.77
-73.691 -37.826 -37.556 -37.556 -6.593 -2.463 1.01 1.01 0.187 3.308 17.264 16.823
-73.688 -37.852 -37.566 -37.566 -6.448 -2.563 1.131 1.131 0.092 3.366 17.563 16.884
-73.684 -37.878 -37.576 -37.576 -6.305 -2.662 1.256 1.256 0.005 3.425 17.869 16.952
-73.681 -37.905 -37.587 -37.587 -6.166 -2.76 1.385 1.385 -0.072 3.485 18.055 17.025
-73.678 -37.931 -37.597 -37.597 -6.03 -2.857 1.517 1.517 -0.137 3.546 17.884 17.103
-73.674 -37.957 -37.607 -37.607 -5.901 -2.951 1.653 1.653 -0.189 3.607 17.692 17.184
-73.671 -37.983 -37.617 -37.617 -5.779 -3.044 1.793 1.793 -0.226 3.669 17.267 17.481
-73.667 -38.008 -37.627 -37.627 -5.666 -3.135 1.936 1.937 -0.248 3.732 17.348 17.254
-73.664 -38.033 -37.637 -37.637 -5.562 -3.223 2.084 2.084 -0.252 3.794 17.013 17.013
-73.661 -38.058 -37.647 -37.647 -5.469 -3.309 2.233 2.233 -0.238 3.856 16.761 16.761
-73.658 -38.083 -37.656 -37.656 -5.388 -3.393 2.386 2.386 -0.205 3.918 16.499 16.499
-73.654 -38.107 -37.666 -37.666 -5.319 -3.473 2.542 2.542 -0.154 3.98 16.231 16.231
-73.651 -38.13 -37.675 -37.675 -5.262 -3.552 2.701 2.701 -0.083 4.041 15.957 15.957
-73.648 -38.153 -37.684 -37.684 -5.218 -3.627 2.862 2.862 0.007 4.102 15.68 15.68
-73.645 -38.174 -37.693 -37.693 -5.185 -3.699 3.025 3.025 0.114 4.161 15.401 15.401
-73.642 -38.196 -37.702 -37.702 -5.163 -3.768 3.19 3.19 0.238 4.219 15.122 15.122
-73.64 -38.216 -37.71 -37.71 -5.15 -3.835 3.356 3.356 0.377 4.276 14.843 14.843
-73.637 -38.235 -37.718 -37.718 -5.146 -3.898 3.523 3.523 0.529 4.331 14.567 14.567
-73.634 -38.254 -37.725 -37.725 -5.149 -3.957 3.691 3.691 0.693 4.385 14.294 14.294
-73.632 -38.272 -37.733 -37.733 -5.158 -4.014 3.859 3.859 0.865 4.436 14.025 14.025
-73.629 -38.288 -37.739 -37.739 -5.172 -4.067 4.027 4.027 1.045 4.486 13.761 13.761
-73.627 -38.304 -37.746 -37.746 -5.189 -4.116 4.193 4.193 1.23 4.533 13.504 13.504
-73.625 -38.319 -37.752 -37.752 -5.209 -4.163 4.356 4.356 1.416 4.577 13.255 13.255
-73.623 -38.332 -37.758 -37.758 -5.23 -4.205 4.516 4.516 1.603 4.618 13.016 13.016
-73.621 -38.345 -37.763 -37.763 -5.252 -4.244 4.671 4.671 1.788 4.657 12.787 12.787
-73.62 -38.356 -37.768 -37.768 -5.274 -4.28 4.82 4.82 1.967 4.692 12.57 12.57
-73.618 -38.367 -37.772 -37.772 -5.295 -4.311 4.962 4.962 2.139 4.724 12.367 12.367
-73.617 -38.376 -37.776 -37.776 -5.315 -4.34 5.095 5.095 2.3 4.753 12.181 12.181
-73.616 -38.384 -37.779 -37.779 -5.333 -4.364 5.216 5.216 2.448 4.778 12.013 12.013
-73.615 -38.39 -37.782 -37.782 -5.349 -4.385 5.324 5.324 2.58 4.8 11.865 11.865
-73.614 -38.396 -37.785 -37.785 -5.362 -4.402 5.416 5.416 2.692 4.817 11.741 11.741
-73.614 -38.401 -37.786 -37.786 -5.373 -4.415 5.491 5.491 2.782 4.831 11.641 11.641
-73.613 -38.404 -37.788 -37.788 -5.381 -4.424 5.545 5.545 2.849 4.841 11.568 11.568
-73.613 -38.406 -37.788 -37.788 -5.385 -4.43 5.579 5.579 2.889 4.847 11.523 12.551
-73.613 -38.406 -37.789 -37.789 -5.387 -4.432 5.59 5.59 2.903 4.849 11.508 12.53
-73.613 -38.406 -37.789 -37.788 -5.383 -4.429 2.881 5.587 5.616 4.839 11.459 11.523
-73.613 -38.405 -37.792 -37.788 -5.372 -4.419 2.816 5.579 5.692 4.808 11.331 11.569
-73.613 -38.402 -37.796 -37.787 -5.353 -4.403 2.716 5.564 5.81 4.758 11.154 11.643
-73.613 -38.399 -37.801 -37.785 -5.327 -4.38 2.587 5.543 5.964 4.689 10.949 11.746
-73.613 -38.395 -37.807 -37.783 -5.295 -4.351 2.438 5.517 6.145 4.604 10.727 11.874
-73.613 -38.39 -37.815 -37.781 -5.256 -4.316 2.274 5.486 6.349 4.504 10.494 12.027
-73.613 -38.384 -37.825 -37.778 -5.21 -4.273 2.1 5.448 6.568 4.392 10.256 12.202
-73.613 -38.377 -37.836 -37.774 -5.159 -4.225 1.921 5.405 6.802 4.269 10.014 12.396
-73.613 -38.37 -37.848 -37.771 -5.103 -4.169 1.738 5.357 7.045 4.138 9.771 12.609
-73.613 -38.361 -37.861 -37.767 -5.043 -4.107 1.553 5.303 7.298 4.001 9.529 12.837
-73.613 -38.352 -37.874 -37.762 -4.978 -4.039 1.368 5.244 7.558 3.859 9.289 13.08
-73.613 -38.342 -37.889 -37.757 -4.909 -3.965 1.184 5.18 7.824 3.712 9.053 13.336
-73.613 -38.331 -37.904 -37.752 -4.837 -3.886 1.002 5.112 8.094 3.564 8.822 13.658
-73.613 -38.32 -37.921 -37.747 -4.763 -3.801 0.822 5.038 8.37 3.414 8.597 13.663
-73.614 -38.308 -37.938 -37.741 -4.686 -3.713 0.645 4.96 8.648 3.264 8.38 13.654
-73.614 -38.295 -37.955 -37.735 -4.607 -3.621 0.472 4.878 8.931 3.115 8.172 13.631
-73.614 -38.281 -37.972 -37.729 -4.525 -3.527 0.303 4.792 9.217 2.968 7.974 13.594
-73.615 -38.267 -37.99 -37.722 -4.443 -3.432 0.139 4.702 9.505 2.822 7.788 13.545
-73.615 -38.252 -38.007 -37.715 -4.358 -3.338 -0.021 4.608 9.795 2.679 7.614 13.485
-73.615 -38.236 -38.024 -37.708 -4.272 -3.245 -0.177 4.511 10.089 2.54 7.454 13.414
-73.615 -38.236 -38.024 -37.708 -4.272 -3.245 -0.177 2.54 4.511 7.454 10.089 13.414
-73.616 -38.221 -38.041 -37.701 -4.191 -3.161 -0.318 2.413 4.417 7.318 10.365 13.338
-73.616 -38.205 -38.056 -37.694 -4.109 -3.081 -0.454 2.288 4.32 7.196 10.642 13.254
-73.617 -38.19 -38.072 -37.687 -4.026 -3.006 -0.586 2.168 4.221 7.088 10.921 13.163
-73.618 -38.173 -38.086 -37.679 -3.944 -2.937 -0.713 2.052 4.119 6.995 11.2 13.065
-73.619 -38.156 -38.1 -37.672 -3.862 -2.875 -0.835 1.94 4.015 6.918 11.481 12.962
-73.62 -38.139 -38.114 -37.664 -3.782 -2.82 -0.952 1.833 3.91 6.856 11.761 12.856
-73.621 -38.122 -38.126 -37.656 -3.705 -2.773 -1.064 1.73 3.802 6.809 12.043 12.747
-73.622 -38.104 -38.138 -37.649 -3.631 -2.731 -1.171 1.632 3.694 6.777 12.324 12.638
-73.623 -38.086 -38.149 -37.641 -3.565 -2.694 -1.273 1.539 3.583 6.757 12.606 12.529
-73.624 -38.068 -38.159 -37.633 -3.507 -2.66 -1.369 1.451 3.472 6.748 12.887 12.424
-73.625 -38.05 -38.167 -37.625 -3.463 -2.624 -1.46 1.368 3.36 6.748 13.168 12.326
-73.627 -38.031 -38.175 -37.617 -3.435 -2.584 -1.545 1.291 3.246 6.753 13.449 12.237
-73.628 -38.012 -38.18 -37.609 -3.427 -2.536 -1.625 1.218 3.133 6.76 13.729 12.161
-73.63 -37.993 -38.185 -37.602 -3.44 -2.478 -1.699 1.152 3.019 6.765 14.008 12.101
-73.632 -37.975 -38.188 -37.594 -3.474 -2.409 -1.768 1.09 2.904 6.764 14.285 12.061
-73.634 -37.956 -38.19 -37.586 -3.528 -2.331 -1.831 1.035 2.79 6.752 14.56 12.044
-73.635 -37.937 -38.19 -37.578 -3.599 -2.246 -1.889 0.984 2.675 6.726 14.833 12.053
-73.638 -37.918 -38.189 -37.571 -3.686 -2.154 -1.941 0.94 2.561 6.683 15.103 12.091
-73.64 -37.899 -38.187 -37.563 -3.785 -2.058 -1.987 0.901 2.448 6.621 15.371 12.157
-73.642 -37.88 -38.183 -37.556 -3.896 -1.958 -2.028 0.867 2.334 6.538 15.634 12.251
-73.644 -37.861 -38.178 -37.548 -4.016 -1.855 -2.063 0.839 2.222 6.435 15.893 12.37
-73.647 -37.842 -38.171 -37.541 -4.144 -1.751 -2.093 0.816 2.11 6.315 16.146 12.511
-73.649 -37.824 -38.162 -37.534 -4.279 -1.645 -2.117 0.799 1.999 6.177 16.392 12.669
-73.652 -37.806 -38.153 -37.527 -4.42 -1.54 -2.136 0.787 1.89 6.024 16.63 12.839
-73.654 -37.788 -38.141 -37.521 -4.566 -1.434 -2.149 0.781 1.781 5.86 16.552 13.013
-73.657 -37.77 -38.128 -37.514 -4.716 -1.329 -2.157 0.78 1.674 5.686 13.186 16.627
-73.66 -37.752 -38.113 -37.507 -4.87 -1.224 -2.159 0.784 1.569 5.504 13.352 16.743
-73.663 -37.734 -38.098 -37.501 -5.026 -1.122 -2.156 0.793 1.465 5.317 13.506 16.903
-73.666 -37.717 -38.081 -37.495 -5.184 -1.021 -2.148 0.808 1.363 5.127 13.644 17.107
-73.669 -37.7 -38.062 -37.489 -5.344 -0.923 -2.135 0.827 1.262 4.936 13.767 17.355
-73.672 -37.684 -38.043 -37.483 -5.504 -0.828 -2.117 0.851 1.164 4.743 13.875 17.644
-73.675 -37.668 -38.023 -37.478 -5.665 -0.736 -2.095 0.88 1.067 4.554 13.97 17.689
-73.678 -37.652 -38.001 -37.473 -5.826 -0.649 -2.067 0.913 0.973 4.367 14.055 17.576
-73.681 -37.637 -37.979 -37.468 -5.986 -0.566 -2.036 0.95 0.881 4.185 14.134 17.418
-73.684 -37.622 -37.955 -37.463 -6.146 -0.488 -1.999 0.992 0.79 4.008 14.209 17.237
-73.687 -37.607 -37.93 -37.458 -6.304 -0.416 -1.959 1.037 0.703 3.839 14.284 17.041
-73.69 -37.593 -37.906 -37.454 -6.46 -0.35 -1.915 1.086 0.618 3.677 14.359 16.836
-73.693 -37.579 -37.88 -37.449 -6.615 -0.291 -1.867 1.139 0.535 3.523 14.437 16.627
-73.696 -37.566 -37.854 -37.445 -6.767 -0.24 -1.816 1.194 0.455 3.38 14.519 16.414
-73.699 -37.553 -37.828 -37.441 -6.917 -0.197 -1.762 1.253 0.377 3.246 14.606 16.199
-73.702 -37.541 -37.802 -37.438 -7.063 -0.162 -1.705 1.314 0.302 3.124 14.699 15.983
-73.705 -37.529 -37.775 -37.434 -7.206 -0.136 -1.645 1.377 0.231 3.013 14.799 15.767
-73.708 -37.517 -37.748 -37.43 -7.346 -0.119 -1.583 1.443 0.162 2.915 14.906 15.552
-73.711 -37.506 -37.722 -37.427 -7.481 -0.111 -1.52 1.51 0.095 2.828 15.019 15.339
-73.714 -37.496 -37.696 -37.424 -7.612 -0.111 -1.454 1.578 0.032 2.752 15.141 15.127
-73.716 -37.487 -37.67 -37.422 -7.738 -0.12 -1.388 1.647 -0.029 2.688 15.27 14.919
-73.719 -37.477 -37.644 -37.419 -7.86 -0.136 -1.321 1.716 -0.086 2.635 15.406 14.715
-73.721 -37.468 -37.62 -37.417 -7.976 -0.158 -1.254 1.784 -0.141 2.591 15.55 14.516
-73.724 -37.46 -37.596 -37.415 -8.087 -0.185 -1.188 1.853 -0.192 2.556 15.701 14.323
-73.726 -37.452 -37.573 -37.413 -8.192 -0.216 -1.122 1.92 -0.24 2.529 15.858 14.137
-73.728 -37.445 -37.551 -37.411 -8.291 -0.251 -1.057 1.985 -0.285 2.508 16.021 13.958
-73.73 -37.438 -37.53 -37.409 -8.383 -0.287 -0.995 2.049 -0.327 2.493 16.19 13.788
-73.732 -37.432 -37.511 -37.408 -8.469 -0.324 -0.934 2.11 -0.365 2.483 16.362 13.628
-73.734 -37.426 -37.492 -37.406 -8.549 -0.36 -0.877 2.168 -0.4 2.476 16.538 13.478
-73.735 -37.421 -37.475 -37.405 -8.621 -0.396 -0.823 2.222 -0.432 2.472 16.714 13.34
-73.736 -37.417 -37.46 -37.404 -8.687 -0.429 -0.773 2.272 -0.461 2.47 16.89 13.213
-73.738 -37.413 -37.446 -37.403 -8.745 -0.46 -0.728 2.317 -0.486 2.469 17.062 13.1
-73.739 -37.409 -37.434 -37.402 -8.796 -0.488 -0.687 2.358 -0.508 2.47 17.228 13.0
-73.74 -37.406 -37.424 -37.401 -8.839 -0.512 -0.652 2.393 -0.527 2.471 17.382 12.914
-73.741 -37.404 -37.415 -37.4 -8.874 -0.532 -0.623 2.422 -0.542 2.472 17.521 12.843
-73.741 -37.401 -37.408 -37.4 -8.902 -0.548 -0.599 2.446 -0.554 2.473 17.642 12.788
-73.742 -37.4 -37.403 -37.399 -8.922 -0.56 -0.583 2.462 -0.562 2.474 17.745 12.748
-73.742 -37.399 -37.4 -37.399 -8.934 -0.567 -0.572 2.472 -0.568 2.475 17.785 12.724
-73.742 -37.399 -37.399 -37.399 -8.938 -0.569 -0.569 2.475 -0.569 2.475 17.802 12.716
-73.742 -37.4 -37.399 -37.399 -8.934 -0.572 -0.567 2.474 -0.567 2.474 17.798 12.724
-73.742 -37.403 -37.4 -37.4 -8.922 -0.582 -0.561 2.468 -0.561 2.468 17.721 12.748
-73.741 -37.408 -37.4 -37.4 -8.902 -0.598 -0.552 2.459 -0.552 2.459 17.617 12.788
-73.741 -37.416 -37.401 -37.401 -8.874 -0.62 -0.539 2.447 -0.539 2.447 17.483 12.844
-73.74 -37.426 -37.402 -37.402 -8.838 -0.647 -0.522 2.432 -0.522 2.432 17.327 12.916
-73.739 -37.437 -37.404 -37.404 -8.795 -0.68 -0.502 2.414 -0.502 2.414 17.15 13.002
-73.738 -37.45 -37.406 -37.406 -8.743 -0.718 -0.478 2.394 -0.478 2.394 16.961 13.102
-73.736 -37.465 -37.408 -37.408 -8.685 -0.76 -0.453 -0.453 2.372 2.372 13.214 16.762
-73.735 -37.482 -37.41 -37.41 -8.619 -0.807 -0.424 -0.424 2.349 2.349 13.339 16.559
-73.733 -37.501 -37.413 -37.413 -8.546 -0.856 -0.393 -0.393 2.325 2.325 13.473 16.354
-73.732 -37.521 -37.415 -37.415 -8.467 -0.909 -0.361 -0.361 2.302 2.302 13.615 16.152
-73.73 -37.543 -37.418 -37.418 -8.381 -0.964 -0.328 -0.328 2.28 2.28 13.762 15.955
-73.728 -37.566 -37.421 -37.421 -8.288 -1.02 -0.294 -0.294 2.259 2.259 13.908 15.769
-73.726 -37.591 -37.425 -37.425 -8.19 -1.077 -0.261 -0.261 2.242 2.242 14.045 15.603
-73.723 -37.617 -37.428 -37.428 -8.087 -1.134 -0.229 -0.229 2.228 2.228 14.159 15.47
-73.721 -37.644 -37.431 -37.431 -7.978 -1.191 -0.199 -0.199 2.219 2.219 14.227 15.391
-73.719 -37.672 -37.435 -37.435 -7.865 -1.246 -0.171 -0.171 2.216 2.216 14.228 15.387
-73.716 -37.701 -37.439 -37.439 -7.748 -1.299 -0.147 -0.147 2.22 2.22 14.16 15.458
-73.713 -37.731 -37.443 -37.443 -7.628 -1.35 -0.127 -0.127 2.231 2.231 14.043 15.581
-73.711 -37.762 -37.447 -37.447 -7.505 -1.397 -0.113 -0.113 2.252 2.252 13.898 15.733
-73.708 -37.793 -37.451 -37.451 -7.38 -1.439 -0.103 -0.103 2.281 2.281 13.739 15.896
-73.705 -37.825 -37.455 -37.455 -7.253 -1.477 -0.099 -0.099 2.319 2.319 13.572 16.058
-73.702 -37.857 -37.46 -37.46 -7.126 -1.508 -0.101 -0.101 2.367 2.367 13.404 16.21
-73.699 -37.889 -37.464 -37.464 -6.999 -1.532 -0.109 -0.109 2.425 2.425 13.236 16.341
-73.697 -37.922 -37.468 -37.468 -6.874 -1.549 -0.122 -0.122 2.492 2.492 13.069 16.443
-73.694 -37.954 -37.473 -37.473 -6.75 -1.557 -0.139 -0.139 2.568 2.568 12.905 16.508
-73.691 -37.986 -37.477 -37.477 -6.63 -1.555 -0.162 -0.162 2.652 2.652 12.744 16.528
-73.688 -38.018 -37.481 -37.481 -6.514 -1.543 -0.187 -0.187 2.743 2.743 12.586 16.499
-73.685 -38.05 -37.486 -37.486 -6.403 -1.521 -0.216 -0.216 2.841 2.841 12.432 16.418
-73.682 -38.081 -37.49 -37.49 -6.298 -1.486 -0.248 -0.248 2.945 2.945 12.282 16.288
-73.679 -38.112 -37.494 -37.494 -6.2 -1.44 -0.282 -0.282 3.053 3.053 12.135 16.117
-73.676 -38.141 -37.498 -37.498 -6.109 -1.382 -0.316 -0.316 3.166 3.166 11.992 15.91
-73.674 -38.171 -37.502 -37.502 -6.026 -1.312 -0.352 -0.352 3.282 3.282 11.852 15.675
-73.671 -38.199 -37.507 -37.507 -5.951 -1.23 -0.388 -0.388 3.399 3.399 11.716 15.422
-73.668 -38.227 -37.51 -37.51 -5.883 -1.137 -0.424 -0.424 3.519 3.519 11.583 15.157
-73.666 -38.253 -37.514 -37.514 -5.824 -1.034 -0.46 -0.46 3.639 3.639 11.452 14.886
-73.664 -38.278 -37.517 -37.517 -5.772 -0.921 -0.495 -0.495 3.759 3.759 11.324 14.614
-73.661 -38.302 -37.521 -37.521 -5.727 -0.802 -0.528 -0.528 3.878 3.878 11.198 14.346
-73.659 -38.324 -37.524 -37.524 -5.689 -0.676 -0.561 -0.561 3.994 3.994 11.074 14.086
-73.657 -38.346 -37.527 -37.527 -5.657 -0.546 -0.592 -0.592 4.107 4.107 10.952 13.837
-73.655 -38.366 -37.53 -37.53 -5.63 -0.414 -0.621 -0.621 4.216 4.216 10.831 13.602
-73.653 -38.384 -37.532 -37.532 -5.609 -0.282 -0.648 -0.648 4.32 4.32 10.713 13.384
-73.652 -38.401 -37.535 -37.535 -5.591 -0.152 -0.673 -0.673 4.418 4.418 10.597 13.185
-73.65 -38.415 -37.537 -37.537 -5.576 -0.026 -0.695 -0.695 4.509 4.509 10.485 13.005
-73.649 -38.429 -37.538 -37.538 -5.565 0.092 -0.716 -0.716 4.592 4.592 10.378 12.848
-73.648 -38.44 -37.54 -37.54 -5.556 0.201 -0.733 -0.733 4.666 4.666 10.279 12.711
-73.647 -38.45 -37.541 -37.541 -5.549 0.298 -0.748 -0.748 4.731 4.731 10.189 12.597
-73.646 -38.458 -37.543 -37.543 -5.544 0.381 -0.761 -0.761 4.784 4.784 10.111 12.504
-73.646 -38.464 -37.543 -37.543 -5.54 0.448 -0.771 -0.771 4.827 4.827 10.047 12.433
-73.645 -38.469 -37.544 -37.544 -5.538 0.497 -0.778 -0.778 4.857 4.857 10.0 12.383
-73.645 -38.472 -37.545 -37.545 -5.536 0.527 -0.782 -0.782 4.876 4.876 9.971 12.352
-73.645 -38.473 -37.545 -37.545 -5.536 0.537 -0.783 -0.783 4.882 4.882 9.961 12.342
-73.645 -38.472 -37.546 -37.545 -5.531 -0.79 -0.78 0.532 4.881 4.892 9.957 12.352
-73.645 -38.471 -37.548 -37.545 -5.519 -0.81 -0.769 0.516 4.877 4.92 9.945 12.382
-73.644 -38.469 -37.552 -37.547 -5.498 -0.842 -0.752 0.49 4.871 4.966 9.925 12.431
-73.644 -38.467 -37.557 -37.548 -5.47 -0.886 -0.727 0.454 4.863 5.03 9.898 12.499
-73.644 -38.464 -37.565 -37.55 -5.433 -0.942 -0.696 0.409 4.852 5.11 9.864 12.586
-73.643 -38.46 -37.573 -37.552 -5.388 -1.008 -0.657 0.355 4.838 5.204 9.823 12.691
-73.643 -38.455 -37.583 -37.555 -5.336 -1.082 -0.611 0.294 4.822 5.313 9.776 12.812
-73.642 -38.45 -37.595 -37.558 -5.276 -1.165 -0.559 0.226 4.803 5.434 9.724 12.95
-73.641 -38.444 -37.608 -37.562 -5.209 -1.255 -0.5 0.152 4.782 5.565 9.667 13.103
-73.64 -38.437 -37.622 -37.566 -5.136 -1.351 -0.433 0.073 4.758 5.707 9.607 13.269
-73.64 -38.43 -37.637 -37.57 -5.055 -1.451 -0.36 -0.01 4.732 5.857 9.543 13.448
-73.639 -38.422 -37.653 -37.575 -4.969 -1.554 -0.281 -0.097 4.703 6.014 9.477 13.638
-73.638 -38.414 -37.67 -37.58 -4.877 -1.66 -0.195 -0.187 4.672 6.178 9.409 13.837
-73.637 -38.405 -37.689 -37.586 -4.779 -1.768 -0.103 -0.279 4.638 6.347 9.341 14.043
-73.636 -38.395 -37.707 -37.592 -4.676 -1.877 -0.005 -0.373 4.603 6.521 9.273 14.254
-73.635 -38.385 -37.727 -37.598 -4.569 -1.986 0.098 -0.467 4.567 6.699 9.206 14.467
-73.633 -38.374 -37.747 -37.605 -4.458 -2.095 0.205 -0.562 4.529 6.88 9.14 14.679
-73.632 -38.363 -37.767 -37.612 -4.343 -2.203 0.317 -0.657 4.492 7.064 9.077 14.886
-73.631 -38.352 -37.788 -37.619 -4.225 -2.31 0.432 -0.752 4.454 7.249 9.017 15.084
-73.63 -38.34 -37.809 -37.627 -4.105 -2.414 0.549 -0.845 4.419 7.435 8.96 15.267
-73.629 -38.328 -37.83 -37.635 -3.982 -2.516 0.666 -0.937 4.387 7.623 8.907 15.431
-73.627 -38.315 -37.851 -37.644 -3.857 -2.615 0.782 -1.026 4.36 7.81 8.86 16.303
-73.626 -38.302 -37.871 -37.653 -3.732 -2.711 0.895 -1.114 4.339 7.998 8.817 16.054
-73.625 -38.289 -37.891 -37.662 -3.605 -2.804 1.003 -1.198 4.328 8.185 8.781 15.792
-73.624 -38.276 -37.911 -37.671 -3.479 -2.893 1.102 -1.28 4.327 8.37 8.751 15.515
-73.623 -38.262 -37.931 -37.681 -3.353 -2.978 1.192 -1.358 4.341 8.553 8.727 15.225
-73.622 -38.249 -37.95 -37.69 -3.228 -3.059 1.269 -1.433 4.369 8.734 8.711 14.923
-73.621 -38.235 -37.968 -37.7 -3.104 -3.136 1.331 -1.505 4.414 8.911 8.703 14.611
-73.62 -38.221 -37.985 -37.71 -2.983 -3.207 1.378 -1.572 4.476 9.085 8.704 14.291
-73.619 -38.208 -38.002 -37.721 -2.865 -3.275 1.409 -1.635 4.555 9.254 8.716 13.964
-73.618 -38.195 -38.017 -37.731 -2.75 -3.337 1.425 -1.693 4.65 9.417 8.738 13.632
-73.617 -38.182 -38.032 -37.741 -2.64 -3.394 1.427 -1.747 4.756 9.573 8.772 13.297
-73.616 -38.17 -38.045 -37.75 -2.535 -3.446 1.417 -1.797 4.871 9.721 8.82 12.961
-73.615 -38.158 -38.057 -37.76 -2.436 -3.493 1.398 -1.841 4.991 9.861 8.884 12.626
-73.615 -38.147 -38.068 -37.768 -2.344 -3.535 1.373 -1.881 5.111 9.989 8.964 12.294
-73.614 -38.136 -38.078 -37.777 -2.262 -3.571 1.345 -1.915 5.225 10.106 9.064 11.968
-73.614 -38.127 -38.086 -37.784 -2.189 -3.602 1.316 -1.944 5.331 10.208 9.183 11.649
-73.613 -38.119 -38.093 -37.791 -2.127 -3.627 1.288 -1.968 5.423 10.295 9.322 11.342
-73.613 -38.113 -38.098 -37.796 -2.077 -3.647 1.264 -1.987 5.498 10.365 9.479 11.051
-73.613 -38.108 -38.101 -37.8 -2.041 -3.661 1.245 -2.001 5.554 10.416 9.649 10.783
-73.613 -38.105 -38.104 -37.803 -2.019 -3.669 1.233 -2.009 5.589 10.448 9.812 10.562
-73.613 -38.104 -38.104 -37.803 -2.011 -3.672 -2.011 1.229 5.601 10.459 9.896 10.459
-73.613 -38.121 -38.087 -37.804 -2.167 -3.68 -1.852 1.242 5.601 10.33 9.896 10.578
-73.613 -38.137 -38.07 -37.804 -2.318 -3.703 -1.688 1.279 5.6 10.194 9.899 10.689
-73.613 -38.154 -38.054 -37.803 -2.465 -3.741 -1.52 1.341 5.6 10.05 9.903 10.791
-73.613 -38.171 -38.038 -37.803 -2.607 -3.792 -1.349 1.425 5.599 9.898 9.909 10.885
-73.613 -38.187 -38.021 -37.803 -2.745 -3.855 -1.174 1.53 5.599 9.739 9.918 10.97
-73.613 -38.202 -38.005 -37.802 -2.878 -3.927 -0.995 1.653 5.599 9.573 9.929 11.047
-73.613 -38.218 -37.989 -37.802 -3.006 -4.007 -0.813 1.792 5.598 9.4 9.942 11.117
-73.613 -38.233 -37.974 -37.801 -3.128 -4.092 -0.628 1.945 5.598 9.221 9.958 11.179
-73.613 -38.248 -37.958 -37.801 -3.247 -4.182 -0.44 2.11 5.598 9.037 9.978 11.233
-73.613 -38.262 -37.943 -37.8 -3.359 -4.275 -0.249 2.284 5.597 8.847 10.001 11.281
-73.613 -38.276 -37.929 -37.799 -3.467 -4.369 -0.056 2.465 5.597 8.652 10.029 11.323
-73.613 -38.289 -37.915 -37.798 -3.569 -4.462 0.14 2.652 5.596 8.454 10.061 11.359
-73.613 -38.301 -37.902 -37.797 -3.666 -4.555 0.337 2.842 5.596 8.252 10.099 11.389
-73.613 -38.313 -37.889 -37.796 -3.757 -4.645 0.536 3.033 5.595 8.048 10.142 11.415
-73.613 -38.325 -37.877 -37.796 -3.843 -4.733 0.736 3.223 5.595 7.84 10.193 11.436
-73.613 -38.335 -37.865 -37.795 -3.923 -4.816 0.936 3.411 5.595 7.632 10.25 11.453
-73.613 -38.345 -37.854 -37.794 -3.997 -4.896 1.137 3.595 5.594 7.424 10.316 11.467
-73.613 -38.355 -37.844 -37.793 -4.066 -4.971 1.337 3.773 5.594 7.216 10.39 11.479
-73.613 -38.364 -37.835 -37.792 -4.129 -5.04 1.535 3.942 5.593 7.009 10.473 11.487
-73.613 -38.372 -37.826 -37.792 -4.186 -5.104 1.731 4.101 5.593 6.804 10.565 11.494
-73.613 -38.379 -37.818 -37.791 -4.238 -5.162 1.922 4.249 5.592 6.605 10.667 11.499
-73.613 -38.385 -37.811 -37.791 -4.283 -5.214 2.108 4.383 5.592 6.413 10.777 11.502
-73.613 -38.391 -37.806 -37.79 -4.322 -5.259 2.284 4.503 5.591 6.229 10.896 11.504
-73.613 -38.395 -37.8 -37.789 -4.356 -5.298 2.449 4.607 5.591 6.059 11.022 11.506
-73.613 -38.399 -37.796 -37.789 -4.383 -5.33 2.597 4.693 5.591 5.906 11.15 11.507
-73.613 -38.402 -37.793 -37.789 -4.404 -5.355 2.723 4.761 5.591 5.776 11.277 11.508
-73.613 -38.405 -37.791 -37.789 -4.42 -5.373 2.82 4.81 5.59 5.676 11.391 11.508
-73.613 -38.406 -37.789 -37.789 -4.429 -5.383 2.882 4.839 5.59 5.612 11.476 11.508
-73.613 -38.406 -37.789 -37.789 -4.432 -5.387 2.903 4.849 5.59 5.59 11.508 12.531
