-74.113 -37.678 -37.678 -37.678 -9.564 -1.152 -1.152 -1.152 2.337 2.337 14.584 14.584
-74.113 -37.679 -37.678 -37.678 -9.56 -1.152 -1.152 -1.15 2.33 2.339 14.591 14.591
-74.113 -37.681 -37.679 -37.679 -9.548 -1.154 -1.154 -1.145 2.311 2.345 14.611 14.612
-74.112 -37.685 -37.681 -37.681 -9.528 -1.156 -1.156 -1.135 2.279 2.356 14.645 14.646
-74.112 -37.69 -37.683 -37.683 -9.5 -1.159 -1.159 -1.122 2.235 2.371 14.692 14.694
-74.111 -37.697 -37.687 -37.687 -9.464 -1.163 -1.163 -1.106 2.18 2.391 14.753 14.755
-74.11 -37.705 -37.69 -37.69 -9.42 -1.167 -1.167 -1.085 2.112 2.414 14.826 14.828
-74.108 -37.715 -37.695 -37.695 -9.369 -1.172 -1.172 -1.062 2.034 2.441 14.913 14.913
-74.107 -37.726 -37.7 -37.7 -9.309 -1.177 -1.177 -1.034 1.946 2.472 15.009 15.012
-74.105 -37.739 -37.706 -37.706 -9.243 -1.182 -1.182 -1.003 1.848 2.507 15.115 15.124
-74.103 -37.754 -37.713 -37.713 -9.168 -1.188 -1.188 -0.968 1.741 2.545 15.231 15.248
-74.101 -37.769 -37.72 -37.72 -9.087 -1.193 -1.193 -0.93 1.625 2.587 15.356 15.384
-74.098 -37.785 -37.728 -37.728 -8.999 -1.198 -1.198 -0.888 1.503 2.632 15.488 15.532
-74.096 -37.803 -37.737 -37.737 -8.904 -1.202 -1.202 -0.842 1.373 2.68 15.627 15.691
-74.093 -37.821 -37.746 -37.746 -8.802 -1.206 -1.206 -0.793 1.237 2.731 15.773 15.861
-74.09 -37.84 -37.755 -37.755 -8.693 -1.208 -1.208 -0.74 1.096 2.784 15.925 16.041
-74.087 -37.861 -37.766 -37.766 -8.579 -1.209 -1.209 -0.684 0.95 2.839 16.081 16.231
-74.084 -37.882 -37.777 -37.777 -8.459 -1.209 -1.209 -0.625 0.8 2.896 16.241 16.431
-74.08 -37.903 -37.788 -37.788 -8.333 -1.207 -1.207 -0.562 0.646 2.954 16.406 16.64
-74.077 -37.925 -37.8 -37.8 -8.201 -1.203 -1.203 -0.496 0.489 3.013 16.573 16.857
-74.073 -37.948 -37.813 -37.813 -8.065 -1.197 -1.197 -0.426 0.329 3.072 16.74 17.081
-74.069 -37.971 -37.826 -37.826 -7.924 -1.188 -1.188 -0.353 0.167 3.131 16.91 17.313
-74.066 -37.994 -37.839 -37.839 -7.779 -1.177 -1.177 -0.277 0.003 3.189 17.081 17.55
-74.062 -38.018 -37.853 -37.853 -7.629 -1.163 -1.163 -0.198 -0.162 3.246 17.252 17.396
-74.057 -38.042 -37.868 -37.868 -7.477 -1.147 -1.147 -0.115 -0.327 3.301 17.424 17.05
-74.053 -38.066 -37.882 -37.882 -7.321 -1.127 -1.127 -0.03 -0.494 3.353 17.597 16.721
-74.049 -38.09 -37.898 -37.898 -7.162 -1.104 -1.104 0.059 -0.66 3.401 17.769 16.412
-74.044 -38.114 -37.913 -37.913 -7.001 -1.078 -1.078 0.15 -0.827 3.446 17.939 16.124
-74.04 -38.138 -37.929 -37.929 -6.839 -1.048 -1.048 0.244 -0.993 3.487 18.109 15.856
-74.035 -38.161 -37.946 -37.946 -6.675 -1.015 -1.015 0.342 -1.158 3.522 18.278 15.611
-74.031 -38.184 -37.962 -37.962 -6.512 -0.977 -0.977 0.441 -1.322 3.551 18.446 15.39
-74.026 -38.207 -37.979 -37.979 -6.348 -0.936 -0.936 0.544 -1.486 3.575 18.612 15.193
-74.021 -38.23 -37.997 -37.997 -6.185 -0.89 -0.89 0.649 -1.648 3.593 18.776 15.021
-74.017 -38.252 -38.014 -38.014 -6.023 -0.841 -0.841 0.757 -1.808 3.605 18.939 14.874
-74.012 -38.273 -38.031 -38.031 -5.864 -0.786 -0.786 0.867 -1.966 3.611 19.1 14.754
-74.007 -38.294 -38.049 -38.049 -5.709 -0.727 -0.727 0.979 -2.123 3.612 19.258 14.66
-74.002 -38.315 -38.067 -38.067 -5.557 -0.665 -0.665 1.094 -2.277 3.607 19.416 14.592
-73.998 -38.334 -38.085 -38.085 -5.411 -0.597 -0.597 1.21 -2.43 3.6 19.57 14.55
-73.993 -38.353 -38.103 -38.103 -5.27 -0.525 -0.525 1.329 -2.579 3.59 19.681 14.534
-73.988 -38.371 -38.121 -38.121 -5.137 -0.448 -0.448 1.449 -2.727 3.58 19.482 14.542
-73.984 -38.388 -38.14 -38.14 -5.012 -0.366 -0.366 1.572 -2.872 3.57 19.248 14.575
-73.979 -38.405 -38.158 -38.158 -4.896 -0.279 -0.279 1.695 -3.014 3.563 18.986 14.63
-73.974 -38.421 -38.176 -38.176 -4.79 -0.188 -0.188 1.82 -3.153 3.56 18.702 14.707
-73.97 -38.436 -38.194 -38.194 -4.696 -0.091 -0.091 1.947 -3.289 3.563 18.402 14.804
-73.965 -38.449 -38.212 -38.212 -4.613 0.011 0.011 2.074 -3.422 3.575 18.088 14.92
-73.961 -38.462 -38.23 -38.23 -4.543 0.117 0.117 2.203 -3.552 3.596 17.765 15.054
-73.956 -38.475 -38.247 -38.247 -4.486 0.229 0.229 2.332 -3.679 3.628 17.434 15.203
-73.952 -38.486 -38.264 -38.264 -4.443 0.345 0.345 2.462 -3.802 3.672 17.098 15.367
-73.948 -38.497 -38.282 -38.282 -4.414 0.467 0.467 2.592 -3.923 3.73 16.758 15.543
-73.944 -38.507 -38.299 -38.299 -4.398 0.593 0.593 2.723 -4.039 3.802 16.414 15.73
-73.94 -38.515 -38.315 -38.315 -4.395 0.724 0.724 2.853 -4.153 3.888 16.069 15.927
-73.936 -38.524 -38.332 -38.332 -4.405 0.86 0.86 2.983 -4.262 3.989 15.723 15.724
-73.932 -38.531 -38.348 -38.348 -4.426 1.001 1.001 3.112 -4.369 4.104 15.376 15.376
-73.928 -38.538 -38.364 -38.364 -4.458 1.147 1.147 3.24 -4.471 4.232 15.03 15.031
-73.924 -38.544 -38.379 -38.379 -4.499 1.298 1.298 3.368 -4.57 4.373 14.685 14.685
-73.921 -38.55 -38.394 -38.394 -4.55 1.453 1.453 3.494 -4.665 4.527 14.34 14.341
-73.917 -38.555 -38.409 -38.409 -4.607 1.613 1.613 3.618 -4.757 4.692 13.998 13.998
-73.914 -38.56 -38.423 -38.423 -4.67 1.778 1.778 3.74 -4.844 4.867 13.658 13.658
-73.911 -38.563 -38.436 -38.436 -4.737 1.947 1.947 3.86 -4.928 5.051 13.32 13.32
-73.908 -38.566 -38.449 -38.449 -4.808 2.12 2.12 3.978 -5.008 5.243 12.985 12.985
-73.905 -38.569 -38.462 -38.462 -4.881 2.297 2.297 4.092 -5.083 5.442 12.653 12.653
-73.903 -38.571 -38.474 -38.474 -4.956 2.479 2.479 4.203 -5.155 5.647 12.325 12.325
-73.9 -38.573 -38.485 -38.485 -5.031 2.664 2.664 4.311 -5.223 5.855 12.001 12.001
-73.898 -38.575 -38.496 -38.496 -5.106 2.852 2.852 4.414 -5.287 6.067 11.681 11.681
-73.895 -38.576 -38.506 -38.506 -5.179 3.044 3.044 4.513 -5.347 6.28 11.367 11.367
-73.893 -38.577 -38.516 -38.516 -5.25 3.238 3.238 4.607 -5.403 6.493 11.058 11.058
-73.891 -38.577 -38.525 -38.525 -5.318 3.434 3.434 4.696 -5.455 6.705 10.755 10.755
-73.889 -38.578 -38.533 -38.533 -5.383 3.631 3.631 4.78 -5.503 6.913 10.459 10.459
-73.888 -38.578 -38.54 -38.54 -5.444 3.828 3.828 4.858 -5.546 7.116 10.171 10.171
-73.886 -38.578 -38.547 -38.547 -5.5 4.025 4.025 4.929 -5.586 7.312 9.892 9.892
-73.885 -38.578 -38.553 -38.553 -5.552 4.22 4.22 4.994 -5.621 7.498 9.624 9.624
-73.883 -38.578 -38.559 -38.559 -5.598 4.41 4.41 5.052 -5.652 7.671 9.369 9.369
-73.882 -38.578 -38.563 -38.563 -5.639 4.593 4.593 5.103 -5.68 7.83 9.13 9.13
-73.882 -38.578 -38.568 -38.567 -5.674 4.764 4.764 5.147 -5.702 7.971 8.91 8.91
-73.881 -38.578 -38.57 -38.57 -5.703 4.92 4.92 5.183 -5.721 8.092 8.716 8.716
-73.88 -38.577 -38.573 -38.573 -5.725 5.054 5.054 5.212 -5.736 8.189 8.552 8.552
-73.88 -38.577 -38.574 -38.574 -5.742 5.159 5.159 5.233 -5.746 8.261 8.426 8.426
-73.88 -38.576 -38.575 -38.575 -5.751 5.226 5.226 5.245 -5.752 8.305 8.347 8.347
-73.879 -38.576 -38.576 -38.576 -5.754 5.249 5.249 5.249 -5.754 8.32 8.32 8.32
-73.88 -38.576 -38.575 -38.575 -5.752 5.221 5.226 5.25 -5.751 8.32 8.333 8.347
-73.88 -38.577 -38.574 -38.574 -5.745 5.139 5.157 5.252 -5.743 8.318 8.371 8.426
-73.88 -38.579 -38.573 -38.571 -5.733 5.013 5.049 5.255 -5.728 8.315 8.429 8.55
-73.881 -38.582 -38.57 -38.567 -5.716 4.851 4.906 5.26 -5.707 8.312 8.504 8.708
-73.882 -38.585 -38.568 -38.561 -5.695 4.661 4.734 5.266 -5.68 8.307 8.59 8.893
-73.882 -38.588 -38.563 -38.553 -5.67 4.452 4.54 5.274 -5.647 8.301 8.683 9.098
-73.883 -38.593 -38.559 -38.545 -5.639 4.227 4.328 5.284 -5.608 8.294 8.779 9.316
-73.885 -38.597 -38.553 -38.535 -5.605 3.993 4.103 5.295 -5.564 8.285 8.875 9.543
-73.886 -38.603 -38.547 -38.523 -5.567 3.751 3.867 5.307 -5.513 8.274 8.97 9.777
-73.887 -38.609 -38.54 -38.511 -5.525 3.505 3.625 5.32 -5.457 8.261 9.063 10.014
-73.889 -38.615 -38.533 -38.497 -5.479 3.255 3.378 5.335 -5.395 8.246 9.152 10.254
-73.891 -38.622 -38.525 -38.482 -5.43 3.004 3.13 5.351 -5.327 8.227 9.238 10.494
-73.893 -38.629 -38.516 -38.466 -5.379 2.752 2.881 5.369 -5.254 8.206 9.32 10.733
-73.895 -38.637 -38.507 -38.45 -5.325 2.5 2.633 5.387 -5.175 8.182 9.399 10.972
-73.897 -38.646 -38.497 -38.432 -5.269 2.249 2.389 5.406 -5.09 8.153 9.474 11.208
-73.899 -38.655 -38.487 -38.413 -5.212 2.0 2.149 5.426 -5.0 8.12 9.547 11.442
-73.901 -38.664 -38.476 -38.393 -5.155 1.754 1.916 5.448 -4.905 8.083 9.617 11.672
-73.904 -38.674 -38.465 -38.372 -5.097 1.51 1.69 5.471 -4.805 8.042 9.684 11.9
-73.906 -38.683 -38.453 -38.351 -5.041 1.27 1.474 5.494 -4.699 7.994 9.749 12.124
-73.909 -38.693 -38.441 -38.329 -4.986 1.033 1.268 5.519 -4.588 7.941 9.812 12.344
-73.911 -38.704 -38.429 -38.306 -4.935 0.8 1.074 5.544 -4.472 7.882 9.874 12.559
-73.914 -38.714 -38.416 -38.282 -4.888 0.57 0.893 5.57 -4.351 7.817 9.934 12.771
-73.917 -38.725 -38.403 -38.258 -4.846 0.346 0.728 5.596 -4.225 7.745 9.992 12.979
-73.92 -38.736 -38.39 -38.234 -4.811 0.126 0.579 5.623 -4.094 7.666 10.049 13.182
-73.922 -38.747 -38.376 -38.209 -4.784 -0.089 0.448 5.65 -3.959 7.58 10.106 13.38
-73.925 -38.758 -38.363 -38.184 -4.766 -0.299 0.337 5.678 -3.82 7.487 10.161 13.575
-73.928 -38.769 -38.349 -38.159 -4.758 -0.504 0.245 5.706 -3.676 7.386 10.214 13.765
-73.931 -38.78 -38.335 -38.134 -4.761 -0.703 0.176 5.734 -3.527 7.278 10.267 13.95
-73.934 -38.791 -38.321 -38.108 -4.775 -0.896 0.128 5.762 -3.375 7.163 10.319 14.131
-73.937 -38.802 -38.308 -38.083 -4.801 -1.083 0.102 5.791 -3.218 7.04 10.37 14.307
-73.939 -38.813 -38.294 -38.057 -4.838 -1.264 0.097 5.819 -3.058 6.909 10.42 14.479
-73.942 -38.823 -38.281 -38.032 -4.884 -1.439 0.113 5.847 -2.894 6.772 10.468 14.646
-73.945 -38.834 -38.267 -38.007 -4.94 -1.608 0.148 5.875 -2.726 6.628 10.516 14.809
-73.948 -38.844 -38.254 -37.982 -5.005 -1.77 0.201 5.902 -2.556 6.477 10.562 14.967
-73.95 -38.854 -38.241 -37.959 -5.075 -1.926 0.271 5.929 -2.382 6.32 10.607 15.12
-73.953 -38.864 -38.229 -37.935 -5.151 -2.075 0.355 5.955 -2.205 6.158 10.651 15.269
-73.955 -38.873 -38.216 -37.912 -5.231 -2.217 0.451 5.98 -2.026 5.99 10.693 15.411
-73.958 -38.882 -38.204 -37.89 -5.312 -2.351 0.558 6.005 -1.844 5.817 10.734 14.863
-73.96 -38.891 -38.193 -37.868 -5.395 -2.479 0.675 6.029 -1.66 5.64 10.774 14.56
-73.962 -38.899 -38.182 -37.847 -5.477 -2.6 0.798 6.052 -1.474 5.459 10.812 14.263
-73.964 -38.907 -38.172 -37.828 -5.558 -2.713 0.926 6.074 -1.287 5.276 10.848 13.974
-73.966 -38.915 -38.162 -37.81 -5.637 -2.819 1.058 6.095 -1.1 5.089 10.882 13.692
-73.968 -38.922 -38.153 -37.792 -5.713 -2.917 1.191 6.115 -0.912 4.901 10.915 13.421
-73.97 -38.929 -38.144 -37.776 -5.785 -3.008 1.324 6.133 -0.724 4.713 10.946 13.162
-73.971 -38.935 -38.136 -37.76 -5.853 -3.091 1.455 6.15 -0.537 4.526 10.975 12.915
-73.973 -38.94 -38.129 -37.746 -5.915 -3.166 1.582 6.166 -0.353 4.34 11.001 12.684
-73.974 -38.945 -38.122 -37.734 -5.973 -3.234 1.703 6.18 -0.173 4.157 11.027 12.469
-73.975 -38.95 -38.116 -37.723 -6.024 -3.294 1.816 6.193 0.002 3.98 11.05 12.272
-73.976 -38.954 -38.111 -37.713 -6.069 -3.346 1.918 6.204 0.169 3.811 11.071 12.096
-73.977 -38.957 -38.106 -37.704 -6.108 -3.389 2.01 6.214 0.325 3.653 11.091 11.941
-73.978 -38.96 -38.102 -37.697 -6.139 -3.425 2.087 6.222 0.466 3.511 11.11 11.809
-73.978 -38.962 -38.1 -37.691 -6.164 -3.453 2.15 6.228 0.585 3.389 11.127 11.702
-73.979 -38.963 -38.098 -37.688 -6.182 -3.473 2.195 6.232 0.678 3.295 11.141 11.623
-73.979 -38.964 -38.096 -37.686 -6.193 -3.486 2.223 6.235 0.737 3.235 11.15 11.573
-73.979 -38.965 -38.096 -37.685 -6.197 -3.49 2.232 6.236 0.757 3.215 11.154 11.556
-73.979 -38.964 -38.096 -37.685 -6.196 -3.488 0.743 6.224 2.235 3.213 11.166 11.563
-73.98 -38.961 -38.095 -37.685 -6.195 -3.484 0.701 6.188 2.245 3.208 11.202 11.581
-73.98 -38.956 -38.093 -37.685 -6.192 -3.476 0.635 6.129 2.26 3.199 11.26 11.611
-73.981 -38.949 -38.091 -37.685 -6.189 -3.465 0.546 6.048 2.277 3.187 11.341 11.654
-73.982 -38.94 -38.087 -37.684 -6.186 -3.452 0.439 5.947 2.294 3.173 11.444 11.708
-73.983 -38.93 -38.084 -37.684 -6.182 -3.435 0.317 5.826 2.308 3.155 11.567 11.774
-73.984 -38.917 -38.08 -37.684 -6.179 -3.416 0.183 5.689 2.318 3.134 11.71 11.85
-73.986 -38.903 -38.075 -37.684 -6.176 -3.393 0.041 5.537 2.323 3.111 11.871 11.938
-73.988 -38.887 -38.07 -37.684 -6.174 -3.368 -0.107 5.372 2.323 3.085 12.048 12.035
-73.99 -38.869 -38.064 -37.684 -6.174 -3.34 -0.258 5.195 2.317 3.058 12.242 12.143
-73.992 -38.85 -38.057 -37.684 -6.176 -3.309 -0.412 5.009 2.306 3.029 12.449 12.26
-73.994 -38.829 -38.05 -37.684 -6.181 -3.275 -0.564 4.816 2.289 2.999 12.669 12.386
-73.997 -38.806 -38.042 -37.684 -6.19 -3.239 -0.713 4.616 2.267 2.968 12.9 12.519
-74.0 -38.782 -38.035 -37.684 -6.204 -3.2 -0.859 4.41 2.24 2.935 13.141 12.66
-74.003 -38.757 -38.026 -37.683 -6.223 -3.159 -0.997 4.201 2.209 2.902 13.391 12.808
-74.005 -38.73 -38.017 -37.683 -6.249 -3.115 -1.128 3.99 2.175 2.869 13.647 12.962
-74.009 -38.701 -38.008 -37.683 -6.282 -3.068 -1.249 3.777 2.138 2.836 13.91 13.121
-74.012 -38.672 -37.998 -37.683 -6.322 -3.02 -1.359 3.563 2.098 2.803 14.176 13.285
-74.015 -38.641 -37.988 -37.683 -6.372 -2.969 -1.457 3.349 2.057 2.771 14.446 13.452
-74.019 -38.609 -37.977 -37.683 -6.431 -2.916 -1.543 3.137 2.014 2.739 14.717 13.621
-74.022 -38.576 -37.966 -37.682 -6.499 -2.861 -1.615 2.925 1.971 2.708 14.988 13.791
-74.026 -38.542 -37.955 -37.682 -6.576 -2.804 -1.674 2.716 1.927 2.678 15.257 13.961
-74.03 -38.508 -37.944 -37.682 -6.662 -2.745 -1.719 2.509 1.885 2.649 15.52 14.129
-74.033 -38.473 -37.932 -37.682 -6.757 -2.685 -1.751 2.305 1.843 2.621 15.777 14.293
-74.037 -38.437 -37.921 -37.681 -6.86 -2.624 -1.771 2.105 1.803 2.594 16.024 14.453
-74.041 -38.401 -37.909 -37.681 -6.97 -2.561 -1.779 1.908 1.765 2.569 16.257 14.604
-74.045 -38.365 -37.897 -37.681 -7.086 -2.496 -1.776 1.715 1.73 2.544 16.473 14.747
-74.049 -38.329 -37.885 -37.681 -7.207 -2.431 -1.764 1.527 1.699 2.522 16.668 14.878
-74.052 -38.292 -37.873 -37.681 -7.332 -2.365 -1.744 1.344 1.671 2.501 16.836 14.995
-74.056 -38.255 -37.861 -37.681 -7.46 -2.299 -1.717 1.166 1.648 2.481 16.972 15.097
-74.06 -38.218 -37.849 -37.68 -7.59 -2.232 -1.684 0.993 1.63 2.463 17.073 15.181
-74.064 -38.182 -37.838 -37.68 -7.721 -2.165 -1.647 0.826 1.618 2.446 17.135 15.248
-74.067 -38.146 -37.826 -37.68 -7.852 -2.098 -1.607 0.664 1.611 2.432 17.155 15.295
-74.071 -38.111 -37.815 -37.68 -7.982 -2.031 -1.566 0.508 1.61 2.417 17.136 15.324
-74.074 -38.076 -37.804 -37.68 -8.11 -1.964 -1.524 0.359 1.616 2.405 17.077 15.335
-74.078 -38.042 -37.793 -37.679 -8.236 -1.899 -1.482 0.216 1.628 2.394 16.985 15.331
-74.081 -38.009 -37.783 -37.679 -8.359 -1.835 -1.442 0.079 1.648 2.384 16.863 15.311
-74.084 -37.977 -37.772 -37.679 -8.478 -1.771 -1.403 -0.051 1.673 2.376 16.445 15.28
-74.087 -37.946 -37.762 -37.679 -8.593 -1.709 -1.367 -0.174 1.706 2.368 16.242 15.239
-74.09 -37.916 -37.753 -37.679 -8.704 -1.65 -1.334 -0.291 1.743 2.362 16.05 15.191
-74.093 -37.887 -37.744 -37.678 -8.809 -1.592 -1.304 -0.4 1.786 2.357 15.868 15.137
-74.096 -37.86 -37.735 -37.678 -8.908 -1.537 -1.277 -0.502 1.834 2.352 15.697 15.08
-74.098 -37.834 -37.727 -37.678 -9.001 -1.484 -1.253 -0.597 1.884 2.349 15.537 15.021
-74.101 -37.81 -37.719 -37.678 -9.089 -1.434 -1.233 -0.685 1.937 2.346 15.388 14.962
-74.103 -37.788 -37.712 -37.678 -9.169 -1.388 -1.216 -0.765 1.991 2.343 15.251 14.905
-74.105 -37.768 -37.706 -37.678 -9.243 -1.345 -1.201 -0.838 2.045 2.341 15.127 14.849
-74.107 -37.749 -37.7 -37.678 -9.309 -1.306 -1.189 -0.904 2.098 2.34 14.804 15.197
-74.108 -37.732 -37.695 -37.678 -9.368 -1.271 -1.179 -0.962 2.148 2.339 14.75 14.915
-74.11 -37.718 -37.69 -37.678 -9.42 -1.24 -1.171 -1.012 2.194 2.338 14.708 14.829
-74.111 -37.706 -37.687 -37.678 -9.464 -1.213 -1.165 -1.055 2.235 2.337 14.671 14.754
-74.112 -37.696 -37.683 -37.678 -9.5 -1.191 -1.16 -1.09 2.27 2.337 14.64 14.693
-74.112 -37.688 -37.681 -37.678 -9.528 -1.174 -1.156 -1.117 2.299 2.337 14.622 14.675
-74.113 -37.682 -37.679 -37.678 -9.548 -1.162 -1.154 -1.136 2.32 2.337 14.604 14.62
-74.113 -37.679 -37.678 -37.678 -9.56 -1.154 -1.152 -1.148 2.332 2.337 14.588 14.593
-74.113 -37.678 -37.678 -37.678 -9.564 -1.152 -1.152 -1.152 2.337 2.337 14.584 14.584
-74.113 -37.679 -37.678 -37.678 -9.56 -1.154 -1.154 -1.147 2.334 2.334 14.592 14.593
-74.113 -37.683 -37.678 -37.678 -9.548 -1.159 -1.159 -1.133 2.328 2.328 14.604 14.621
-74.112 -37.689 -37.679 -37.679 -9.528 -1.169 -1.168 -1.11 2.318 2.318 14.665 14.666
-74.112 -37.698 -37.68 -37.68 -9.499 -1.182 -1.182 -1.078 2.304 2.304 14.623 14.729
-74.111 -37.709 -37.681 -37.681 -9.463 -1.198 -1.198 -1.036 2.286 2.286 14.804 14.809
-74.11 -37.723 -37.682 -37.682 -9.418 -1.219 -1.219 -0.985 2.266 2.266 14.672 14.904
-74.108 -37.738 -37.684 -37.684 -9.366 -1.244 -1.244 -0.925 2.245 2.245 14.703 15.014
-74.107 -37.756 -37.686 -37.686 -9.307 -1.272 -1.272 -0.856 2.221 2.221 14.74 15.137
-74.105 -37.777 -37.688 -37.688 -9.24 -1.305 -1.305 -0.777 2.197 2.197 14.782 15.272
-74.103 -37.799 -37.69 -37.69 -9.165 -1.342 -1.342 -0.689 2.173 2.173 14.827 15.417
-74.101 -37.824 -37.693 -37.693 -9.084 -1.384 -1.384 -0.592 2.149 2.149 14.879 15.569
-74.098 -37.849 -37.696 -37.696 -8.996 -1.429 -1.429 -0.485 2.127 2.127 14.935 15.726
-74.096 -37.876 -37.699 -37.699 -8.901 -1.478 -1.478 -0.369 2.107 2.107 14.996 15.887
-74.093 -37.905 -37.703 -37.703 -8.8 -1.531 -1.531 -0.244 2.089 2.089 15.061 16.047
-74.09 -37.935 -37.707 -37.707 -8.694 -1.587 -1.587 -0.11 2.074 2.074 15.132 16.204
-74.087 -37.967 -37.711 -37.711 -8.581 -1.647 -1.647 0.034 2.063 2.063 15.207 16.354
-74.084 -37.999 -37.715 -37.715 -8.463 -1.71 -1.71 0.186 2.055 2.055 15.288 16.494
-74.081 -38.032 -37.72 -37.72 -8.34 -1.776 -1.776 0.348 2.05 2.05 15.373 16.619
-74.078 -38.065 -37.725 -37.725 -8.212 -1.844 -1.844 0.52 2.049 2.049 15.463 16.727
-74.074 -38.099 -37.731 -37.731 -8.079 -1.914 -1.914 0.699 2.052 2.052 15.558 16.814
-74.071 -38.134 -37.736 -37.736 -7.942 -1.986 -1.986 0.888 2.059 2.059 15.658 16.877
-74.067 -38.168 -37.742 -37.742 -7.801 -2.059 -2.059 1.084 2.07 2.07 15.764 16.916
-74.064 -38.203 -37.749 -37.749 -7.656 -2.133 -2.133 1.29 2.084 2.084 15.873 16.929
-74.06 -38.238 -37.756 -37.756 -7.508 -2.207 -2.207 1.503 2.101 2.101 15.988 16.918
-74.056 -38.272 -37.763 -37.763 -7.357 -2.28 -2.28 1.725 2.122 2.122 16.106 16.884
-74.053 -38.306 -37.771 -37.771 -7.202 -2.354 -2.354 1.954 2.146 2.146 16.231 16.829
-74.049 -38.339 -37.779 -37.779 -7.045 -2.426 -2.426 2.191 2.173 2.173 16.751 16.755
-74.045 -38.372 -37.787 -37.787 -6.886 -2.498 -2.498 2.436 2.202 2.202 16.666 16.667
-74.041 -38.403 -37.796 -37.796 -6.724 -2.568 -2.568 2.687 2.234 2.234 16.565 16.565
-74.038 -38.433 -37.804 -37.804 -6.561 -2.635 -2.635 2.945 2.269 2.269 16.453 16.457
-74.034 -38.462 -37.814 -37.814 -6.396 -2.701 -2.701 3.209 2.305 2.305 16.332 16.332
-74.03 -38.49 -37.823 -37.823 -6.229 -2.764 -2.764 3.479 2.343 2.343 16.205 16.205
-74.027 -38.517 -37.834 -37.834 -6.062 -2.824 -2.824 3.754 2.382 2.382 16.074 16.074
-74.023 -38.542 -37.844 -37.844 -5.893 -2.882 -2.882 4.033 2.423 2.423 15.939 15.939
-74.02 -38.566 -37.855 -37.855 -5.724 -2.937 -2.937 4.317 2.464 2.464 15.802 16.168
-74.016 -38.588 -37.867 -37.866 -5.555 -2.988 -2.988 4.605 2.507 2.507 15.665 15.686
-74.013 -38.608 -37.878 -37.878 -5.386 -3.036 -3.036 4.895 2.55 2.55 15.209 15.527
-74.01 -38.627 -37.89 -37.89 -5.217 -3.08 -3.08 5.189 2.593 2.593 14.736 15.39
-74.007 -38.643 -37.903 -37.903 -5.049 -3.121 -3.121 5.484 2.637 2.637 14.27 15.254
-74.004 -38.658 -37.916 -37.916 -4.881 -3.158 -3.158 5.78 2.68 2.68 13.81 15.119
-74.001 -38.67 -37.929 -37.929 -4.715 -3.192 -3.192 6.076 2.724 2.724 13.357 14.987
-73.998 -38.681 -37.942 -37.942 -4.551 -3.221 -3.221 6.373 2.767 2.767 12.914 14.858
-73.996 -38.689 -37.955 -37.955 -4.389 -3.246 -3.246 6.667 2.81 2.81 12.478 14.731
-73.993 -38.695 -37.969 -37.969 -4.23 -3.268 -3.268 6.961 2.852 2.852 12.053 14.607
-73.991 -38.699 -37.984 -37.984 -4.074 -3.286 -3.286 7.251 2.892 2.892 11.639 14.485
-73.989 -38.701 -37.998 -37.998 -3.922 -3.3 -3.3 7.537 2.932 2.932 11.237 14.367
-73.986 -38.701 -38.013 -38.013 -3.775 -3.31 -3.31 7.817 2.971 2.971 10.849 14.251
-73.985 -38.699 -38.028 -38.028 -3.632 -3.316 -3.316 8.089 3.008 3.008 10.477 14.138
-73.983 -38.695 -38.043 -38.043 -3.496 -3.318 -3.318 8.35 3.045 3.045 10.125 14.028
-73.981 -38.688 -38.059 -38.059 -3.366 -3.317 -3.317 8.59 3.079 3.079 9.803 13.921
-73.98 -38.68 -38.074 -38.074 -3.243 -3.313 -3.313 8.775 3.112 3.112 9.545 13.816
-73.978 -38.669 -38.09 -38.09 -3.129 -3.305 -3.305 8.8 3.144 3.144 9.457 13.713
-73.977 -38.656 -38.106 -38.106 -3.025 -3.294 -3.294 8.627 3.174 3.174 9.58 13.613
-73.976 -38.642 -38.121 -38.121 -2.93 -3.279 -3.279 8.388 3.201 3.201 9.778 13.514
-73.975 -38.627 -38.138 -38.138 -2.848 -3.262 -3.262 8.143 3.227 3.227 9.993 13.416
-73.974 -38.609 -38.154 -38.154 -2.777 -3.242 -3.242 7.911 3.251 3.251 10.211 13.32
-73.973 -38.59 -38.17 -38.17 -2.718 -3.219 -3.219 7.695 3.274 3.274 10.425 13.226
-73.972 -38.569 -38.186 -38.186 -2.673 -3.193 -3.193 7.5 3.294 3.294 10.634 13.132
-73.972 -38.546 -38.202 -38.202 -2.643 -3.165 -3.165 7.326 3.312 3.312 10.838 13.039
-73.971 -38.522 -38.218 -38.218 -2.626 -3.135 -3.135 7.173 3.328 3.328 11.037 12.946
-73.971 -38.497 -38.234 -38.234 -2.624 -3.103 -3.103 7.043 3.342 3.342 11.23 12.855
-73.971 -38.471 -38.25 -38.25 -2.636 -3.07 -3.07 6.936 3.355 3.355 11.418 12.763
-73.97 -38.444 -38.266 -38.266 -2.662 -3.035 -3.035 6.85 3.364 3.365 11.602 12.672
-73.97 -38.416 -38.282 -38.282 -2.701 -2.999 -2.999 6.785 3.372 3.372 11.784 12.581
-73.97 -38.387 -38.298 -38.297 -2.752 -2.962 -2.962 6.74 3.378 3.378 11.961 12.491
-73.97 -38.358 -38.313 -38.313 -2.814 -2.924 -2.924 6.715 3.381 3.381 12.138 12.402
-73.97 -38.328 -38.328 -38.328 -2.886 -2.886 -2.886 6.707 3.382 3.382 12.313 12.313
-73.97 -38.343 -38.343 -38.298 -2.967 -2.848 -2.848 6.714 3.381 3.381 12.226 12.227
-73.97 -38.358 -38.358 -38.267 -3.053 -2.81 -2.81 6.736 3.378 3.378 12.141 12.142
-73.97 -38.372 -38.372 -38.237 -3.146 -2.773 -2.773 6.771 3.372 3.372 12.057 12.057
-73.97 -38.386 -38.386 -38.207 -3.242 -2.736 -2.736 6.816 3.363 3.363 11.976 11.976
-73.97 -38.4 -38.4 -38.177 -3.34 -2.701 -2.701 6.871 3.352 3.352 11.898 11.898
-73.97 -38.413 -38.413 -38.147 -3.438 -2.667 -2.667 6.933 3.339 3.339 11.823 11.824
-73.97 -38.426 -38.426 -38.118 -3.537 -2.634 -2.634 7.002 3.323 3.323 11.753 11.753
-73.97 -38.439 -38.439 -38.09 -3.633 -2.604 -2.604 7.076 3.304 3.304 11.686 11.686
-73.97 -38.452 -38.451 -38.063 -3.727 -2.577 -2.577 7.154 3.284 3.284 11.624 11.625
-73.97 -38.463 -38.463 -38.036 -3.816 -2.552 -2.552 7.235 3.26 3.26 11.568 11.568
-73.97 -38.475 -38.475 -38.011 -3.9 -2.53 -2.53 7.318 3.235 3.235 11.517 11.517
-73.97 -38.486 -38.486 -37.987 -3.978 -2.512 -2.512 7.401 3.208 3.208 11.472 11.472
-73.969 -38.497 -38.497 -37.965 -4.05 -2.498 -2.498 7.485 3.179 3.179 11.433 11.434
-73.969 -38.507 -38.507 -37.944 -4.114 -2.487 -2.487 7.569 3.148 3.148 11.401 11.401
-73.969 -38.517 -38.517 -37.925 -4.17 -2.482 -2.482 7.652 3.117 3.117 11.374 11.375
-73.968 -38.526 -38.526 -37.908 -4.217 -2.481 -2.481 7.735 3.085 3.085 11.354 11.354
-73.967 -38.535 -38.535 -37.892 -4.254 -2.485 -2.485 7.816 3.052 3.052 11.34 11.34
-73.967 -38.543 -38.543 -37.878 -4.282 -2.495 -2.495 7.896 3.021 3.021 11.331 11.331
-73.966 -38.551 -38.551 -37.866 -4.299 -2.511 -2.511 7.974 2.99 2.99 11.328 11.328
-73.965 -38.559 -38.559 -37.857 -4.306 -2.532 -2.532 8.051 2.96 2.96 11.33 11.33
-73.964 -38.566 -38.566 -37.849 -4.302 -2.559 -2.559 8.126 2.933 2.933 11.335 11.335
-73.963 -38.572 -38.572 -37.844 -4.287 -2.593 -2.593 8.2 2.907 2.907 11.344 11.344
-73.961 -38.578 -38.578 -37.841 -4.26 -2.633 -2.633 8.271 2.885 2.885 11.356 11.356
-73.96 -38.584 -38.584 -37.839 -4.222 -2.679 -2.679 8.342 2.868 2.868 11.37 11.37
-73.959 -38.589 -38.589 -37.84 -4.171 -2.731 -2.731 8.41 2.853 2.853 11.384 11.384
-73.957 -38.593 -38.593 -37.843 -4.109 -2.79 -2.79 8.478 2.843 2.843 11.398 11.398
-73.955 -38.597 -38.597 -37.849 -4.036 -2.854 -2.854 8.544 2.837 2.837 11.41 11.41
-73.954 -38.601 -38.601 -37.856 -3.95 -2.924 -2.924 8.608 2.836 2.836 11.421 11.421
-73.952 -38.604 -38.604 -37.866 -3.852 -2.999 -2.999 8.671 2.841 2.841 11.428 11.428
-73.95 -38.607 -38.607 -37.877 -3.742 -3.079 -3.079 8.734 2.85 2.85 11.431 11.431
-73.948 -38.609 -38.609 -37.89 -3.62 -3.163 -3.163 8.794 2.865 2.865 11.428 11.428
-73.946 -38.611 -38.611 -37.905 -3.486 -3.252 -3.252 8.854 2.885 2.885 11.419 11.419
-73.943 -38.613 -38.613 -37.922 -3.34 -3.344 -3.344 8.912 2.91 2.91 11.403 11.403
-73.941 -38.614 -38.614 -37.94 -3.183 -3.439 -3.439 8.97 2.941 2.941 11.38 11.38
-73.939 -38.615 -38.615 -37.959 -3.014 -3.537 -3.537 9.025 2.978 2.978 11.349 11.349
-73.936 -38.615 -38.615 -37.98 -2.834 -3.637 -3.637 9.08 3.019 3.019 11.309 11.309
-73.934 -38.616 -38.616 -38.002 -2.642 -3.739 -3.739 9.133 3.064 3.064 11.26 11.26
-73.931 -38.616 -38.616 -38.026 -2.44 -3.842 -3.842 9.184 3.115 3.115 11.202 11.202
-73.929 -38.615 -38.615 -38.05 -2.227 -3.945 -3.945 9.233 3.17 3.17 11.136 11.136
-73.926 -38.615 -38.615 -38.075 -2.003 -4.049 -4.049 9.28 3.229 3.229 11.061 11.061
-73.924 -38.614 -38.614 -38.1 -1.769 -4.152 -4.152 9.325 3.293 3.293 10.978 10.978
-73.921 -38.613 -38.613 -38.126 -1.525 -4.255 -4.255 9.367 3.36 3.36 10.887 10.887
-73.918 -38.612 -38.612 -38.153 -1.272 -4.357 -4.357 9.406 3.431 3.431 10.79 10.79
-73.916 -38.61 -38.61 -38.18 -1.009 -4.457 -4.457 9.442 3.506 3.506 10.685 10.685
-73.913 -38.609 -38.609 -38.207 -0.738 -4.556 -4.556 9.473 3.585 3.585 10.574 10.574
-73.911 -38.607 -38.607 -38.234 -0.459 -4.652 -4.652 9.5 3.666 3.666 10.458 10.458
-73.908 -38.605 -38.605 -38.261 -0.171 -4.745 -4.745 9.522 3.75 3.75 10.338 10.338
-73.906 -38.603 -38.603 -38.287 0.123 -4.836 -4.836 9.539 3.837 3.837 10.214 10.214
-73.903 -38.601 -38.601 -38.313 0.425 -4.924 -4.924 9.549 3.927 3.927 10.086 10.086
-73.901 -38.599 -38.599 -38.338 0.733 -5.008 -5.008 9.551 4.018 4.018 9.956 9.956
-73.899 -38.597 -38.597 -38.363 1.046 -5.089 -5.089 9.546 4.111 4.111 9.824 9.824
-73.897 -38.595 -38.595 -38.387 1.363 -5.166 -5.166 9.531 4.205 4.205 9.692 9.692
-73.895 -38.593 -38.593 -38.409 1.685 -5.239 -5.239 9.506 4.3 4.3 9.559 9.559
-73.893 -38.591 -38.591 -38.431 2.01 -5.308 -5.308 9.47 4.395 4.395 9.428 9.428
-73.891 -38.589 -38.589 -38.451 2.336 -5.372 -5.372 9.422 4.49 4.49 9.298 9.298
-73.889 -38.588 -38.588 -38.47 2.662 -5.432 -5.432 9.361 4.585 4.585 9.171 9.171
-73.887 -38.586 -38.586 -38.488 2.986 -5.487 -5.487 9.287 4.677 4.677 9.047 9.047
-73.886 -38.584 -38.584 -38.505 3.306 -5.537 -5.537 9.199 4.767 4.767 8.929 8.929
-73.885 -38.583 -38.583 -38.52 3.621 -5.582 -5.582 9.099 4.853 4.853 8.816 8.816
-73.883 -38.582 -38.582 -38.533 3.925 -5.622 -5.622 8.987 4.934 4.934 8.711 8.711
-73.882 -38.58 -38.58 -38.545 4.216 -5.657 -5.657 8.866 5.01 5.01 8.615 8.615
-73.882 -38.579 -38.579 -38.555 4.488 -5.687 -5.687 8.741 5.078 5.078 8.53 8.53
-73.881 -38.578 -38.578 -38.563 4.734 -5.711 -5.711 8.616 5.136 5.136 8.457 8.457
-73.88 -38.577 -38.577 -38.569 4.944 -5.73 -5.73 8.501 5.184 5.184 8.399 8.399
-73.88 -38.576 -38.576 -38.573 5.107 -5.744 -5.744 8.406 5.219 5.219 8.355 8.355
-73.879 -38.576 -38.576 -38.575 5.213 -5.752 -5.752 8.343 5.241 5.241 8.329 8.329
-73.879 -38.576 -38.576 -38.576 5.249 -5.754 -5.754 5.249 5.249 8.32 8.32 8.32
-73.97 -38.328 -38.328 -38.328 -2.886 -2.886 -2.886 3.382 3.382 6.706 12.313 12.313
-73.97 -38.354 -38.327 -38.301 -2.952 -2.894 -2.817 3.38 3.382 6.715 12.155 12.323
-73.97 -38.381 -38.326 -38.275 -3.013 -2.918 -2.744 3.374 3.381 6.739 11.989 12.352
-73.97 -38.407 -38.324 -38.248 -3.071 -2.958 -2.667 3.363 3.38 6.78 11.817 12.399
-73.97 -38.433 -38.322 -38.222 -3.125 -3.012 -2.587 3.349 3.378 6.836 11.639 12.465
-73.97 -38.459 -38.318 -38.196 -3.175 -3.08 -2.502 3.329 3.375 6.908 11.456 12.547
-73.971 -38.485 -38.314 -38.17 -3.221 -3.161 -2.414 3.306 3.372 6.994 11.269 12.647
-73.971 -38.511 -38.309 -38.144 -3.264 -3.253 -2.322 3.279 3.369 7.093 11.078 12.763
-73.971 -38.536 -38.304 -38.119 -3.303 -3.355 -2.227 3.248 3.364 7.205 10.884 12.894
-73.971 -38.561 -38.298 -38.094 -3.338 -3.467 -2.129 3.213 3.36 7.327 10.688 13.038
-73.972 -38.585 -38.291 -38.07 -3.37 -3.585 -2.026 3.175 3.355 7.461 10.49 13.196
-73.972 -38.609 -38.284 -38.045 -3.399 -3.71 -1.921 3.134 3.35 7.603 10.29 13.365
-73.972 -38.632 -38.276 -38.022 -3.425 -3.84 -1.813 3.091 3.344 7.753 10.089 13.542
-73.972 -38.655 -38.268 -37.999 -3.447 -3.973 -1.702 3.046 3.338 7.91 9.887 13.73
-73.973 -38.678 -38.259 -37.976 -3.467 -4.109 -1.588 2.999 3.332 8.072 9.685 13.248
-73.973 -38.699 -38.25 -37.954 -3.483 -4.246 -1.471 2.951 3.325 8.24 9.483 14.122
-73.973 -38.72 -38.241 -37.933 -3.497 -4.383 -1.353 2.903 3.318 8.41 9.281 14.325
-73.974 -38.741 -38.232 -37.912 -3.509 -4.519 -1.231 2.854 3.312 8.584 9.081 13.073
-73.974 -38.76 -38.222 -37.892 -3.518 -4.654 -1.109 2.805 3.305 8.759 8.881 12.993
-73.975 -38.779 -38.213 -37.873 -3.525 -4.787 -0.985 2.757 3.298 8.934 8.684 12.905
-73.975 -38.797 -38.203 -37.855 -3.53 -4.917 -0.86 2.71 3.291 9.11 8.488 12.811
-73.975 -38.815 -38.194 -37.837 -3.533 -5.043 -0.735 2.663 3.284 9.284 8.296 12.712
-73.976 -38.831 -38.184 -37.82 -3.534 -5.164 -0.609 2.619 3.277 9.457 8.107 12.611
-73.976 -38.847 -38.175 -37.805 -3.534 -5.281 -0.483 2.575 3.27 9.627 7.921 12.508
-73.976 -38.862 -38.166 -37.79 -3.533 -5.392 -0.359 2.534 3.264 9.793 7.74 12.406
-73.977 -38.876 -38.158 -37.775 -3.531 -5.498 -0.237 2.494 3.258 9.954 7.565 12.305
-73.977 -38.889 -38.149 -37.762 -3.527 -5.597 -0.116 2.457 3.252 10.109 7.395 12.206
-73.977 -38.9 -38.141 -37.75 -3.524 -5.69 0.000999999999998 2.423 3.246 10.258 7.233 12.112
-73.978 -38.911 -38.133 -37.739 -3.52 -5.775 0.114 2.391 3.241 10.399 7.079 12.023
-73.978 -38.921 -38.127 -37.729 -3.515 -5.854 0.222 2.361 3.237 10.532 6.934 11.94
-73.978 -38.93 -38.12 -37.719 -3.511 -5.924 0.323 2.335 3.232 10.654 6.799 11.863
-73.978 -38.938 -38.115 -37.711 -3.507 -5.987 0.417 2.311 3.228 10.766 6.675 11.793
-73.979 -38.945 -38.11 -37.704 -3.503 -6.042 0.502 2.29 3.225 10.865 6.564 11.732
-73.979 -38.951 -38.106 -37.699 -3.499 -6.089 0.576 2.273 3.222 10.951 6.468 11.679
-73.979 -38.956 -38.102 -37.694 -3.496 -6.128 0.64 2.258 3.219 11.023 6.386 11.636
-73.979 -38.959 -38.099 -37.69 -3.493 -6.158 0.69 2.247 3.217 11.08 6.321 11.601
-73.979 -38.962 -38.097 -37.687 -3.491 -6.179 0.727 2.239 3.216 11.121 6.274 11.576
-73.979 -38.964 -38.096 -37.685 -3.49 -6.192 0.75 2.234 3.215 11.146 6.245 11.561
-73.979 -38.965 -38.096 -37.685 -3.49 -6.197 0.757 2.232 3.215 11.154 6.236 11.556
